
# OSU MPI_Bcast (data-varying) v7.0
# Size       Avg Latency(us)
1                       0.49
2                       0.49
4                       0.49
8                       0.49
16                      0.49
32                      0.50
64                      0.50
128                     0.51
256                     0.57
512                     0.60
1024                    0.66
2048                    0.81
4096                    1.12
8192                    1.75
16384                   3.02
32768                   5.41
65536                   9.10
131072                 17.01
262144                 32.85
524288                 59.94
1048576               162.14

# OSU MPI_Bcast (data-varying) v7.0
# Size       Avg Latency(us)
1                       0.46
2                       0.45
4                       0.45
8                       0.45
16                      0.45
32                      0.45
64                      0.45
128                     0.47
256                     0.56
512                     0.62
1024                    0.63
2048                    0.78
4096                    1.12
8192                    1.72
16384                   3.06
32768                   5.46
65536                   9.18
131072                 17.08
262144                 32.75
524288                 61.72
1048576               163.16

# OSU MPI_Bcast (data-varying) v7.0
# Size       Avg Latency(us)
1                       0.45
2                       0.45
4                       0.45
8                       0.45
16                      0.45
32                      0.45
64                      0.45
128                     0.48
256                     0.52
512                     0.59
1024                    0.64
2048                    0.79
4096                    1.07
8192                    1.71
16384                   2.98
32768                   5.43
65536                   9.07
131072                 17.04
262144                 33.23
524288                 60.46
1048576               171.30

# OSU MPI_Bcast (data-varying) v7.0
# Size       Avg Latency(us)
1                       0.50
2                       0.50
4                       0.49
8                       0.49
16                      0.49
32                      0.50
64                      0.50
128                     0.52
256                     0.55
512                     0.63
1024                    0.65
2048                    0.78
4096                    1.10
8192                    1.71
16384                   2.97
32768                   5.43
65536                   9.09
131072                 16.84
262144                 32.53
524288                 59.65
1048576               164.25

# OSU MPI_Bcast (data-varying) v7.0
# Size       Avg Latency(us)
1                       0.45
2                       0.46
4                       0.46
8                       0.45
16                      0.45
32                      0.46
64                      0.46
128                     0.48
256                     0.52
512                     0.56
1024                    0.64
2048                    0.79
4096                    1.08
8192                    1.71
16384                   3.00
32768                   5.46
65536                   9.14
131072                 17.02
262144                 32.62
524288                 59.99
1048576               157.04

# OSU MPI_Bcast (data-varying) v7.0
# Size       Avg Latency(us)
1                       0.49
2                       0.43
4                       0.44
8                       0.44
16                      0.44
32                      0.44
64                      0.43
128                     0.50
256                     0.53
512                     0.59
1024                    0.62
2048                    0.77
4096                    1.09
8192                    1.71
16384                   2.94
32768                   5.36
65536                   9.16
131072                 17.21
262144                 32.98
524288                 59.13
1048576               167.11

# OSU MPI_Bcast (data-varying) v7.0
# Size       Avg Latency(us)
1                       0.46
2                       0.46
4                       0.45
8                       0.46
16                      0.46
32                      0.46
64                      0.45
128                     0.49
256                     0.54
512                     0.61
1024                    0.63
2048                    0.79
4096                    1.10
8192                    1.70
16384                   3.01
32768                   5.47
65536                   9.17
131072                 17.04
262144                 32.70
524288                 60.54
1048576               167.98

# OSU MPI_Bcast (data-varying) v7.0
# Size       Avg Latency(us)
1                       0.47
2                       0.48
4                       0.47
8                       0.48
16                      0.47
32                      0.47
64                      0.47
128                     0.50
256                     0.54
512                     0.59
1024                    0.64
2048                    0.81
4096                    1.11
8192                    1.72
16384                   3.02
32768                   5.45
65536                   9.09
131072                 17.00
262144                 32.66
524288                 60.85
1048576               165.69

# OSU MPI_Bcast (data-varying) v7.0
# Size       Avg Latency(us)
1                       0.47
2                       0.47
4                       0.48
8                       0.47
16                      0.47
32                      0.47
64                      0.48
128                     0.50
256                     0.53
512                     0.59
1024                    0.64
2048                    0.79
4096                    1.10
8192                    1.73
16384                   2.96
32768                   5.38
65536                   9.20
131072                 16.94
262144                 32.61
524288                 61.57
1048576               166.10

# OSU MPI_Bcast (data-varying) v7.0
# Size       Avg Latency(us)
1                       0.52
2                       0.51
4                       0.51
8                       0.51
16                      0.51
32                      0.51
64                      0.51
128                     0.52
256                     0.54
512                     0.62
1024                    0.64
2048                    0.82
4096                    1.11
8192                    1.75
16384                   3.06
32768                   5.46
65536                   9.15
131072                 17.10
262144                 32.56
524288                 60.70
1048576               168.93

# OSU MPI_Bcast (data-varying) v7.0
# Size       Avg Latency(us)
1                       0.43
2                       0.43
4                       0.44
8                       0.43
16                      0.44
32                      0.45
64                      0.44
128                     0.46
256                     0.50
512                     0.55
1024                    0.61
2048                    0.77
4096                    1.07
8192                    1.70
16384                   2.98
32768                   5.36
65536                   9.11
131072                 17.17
262144                 32.59
524288                 59.42
1048576               161.36

# OSU MPI_Bcast (data-varying) v7.0
# Size       Avg Latency(us)
1                       0.43
2                       0.44
4                       0.44
8                       0.44
16                      0.44
32                      0.44
64                      0.43
128                     0.45
256                     0.49
512                     0.57
1024                    0.61
2048                    0.78
4096                    1.09
8192                    1.70
16384                   2.98
32768                   5.48
65536                   9.17
131072                 17.06
262144                 32.61
524288                 60.63
1048576               168.27

# OSU MPI_Bcast (data-varying) v7.0
# Size       Avg Latency(us)
1                       0.47
2                       0.47
4                       0.48
8                       0.48
16                      0.47
32                      0.48
64                      0.48
128                     0.50
256                     0.53
512                     0.59
1024                    0.64
2048                    0.81
4096                    1.11
8192                    1.76
16384                   3.02
32768                   5.42
65536                   9.12
131072                 16.90
262144                 32.70
524288                 59.49
1048576               167.54

# OSU MPI_Bcast (data-varying) v7.0
# Size       Avg Latency(us)
1                       0.48
2                       0.48
4                       0.48
8                       0.48
16                      0.47
32                      0.49
64                      0.48
128                     0.51
256                     0.52
512                     0.57
1024                    0.66
2048                    0.80
4096                    1.10
8192                    1.75
16384                   3.03
32768                   5.46
65536                   9.10
131072                 17.08
262144                 32.76
524288                 59.53
1048576               167.84

# OSU MPI_Bcast (data-varying) v7.0
# Size       Avg Latency(us)
1                       0.46
2                       0.45
4                       0.47
8                       0.46
16                      0.46
32                      0.45
64                      0.46
128                     0.52
256                     0.54
512                     0.60
1024                    0.62
2048                    0.77
4096                    1.08
8192                    1.72
16384                   2.98
32768                   5.51
65536                   9.13
131072                 17.00
262144                 32.57
524288                 58.56
1048576               159.02

# OSU MPI_Bcast (data-varying) v7.0
# Size       Avg Latency(us)
1                       0.47
2                       0.46
4                       0.47
8                       0.47
16                      0.46
32                      0.47
64                      0.47
128                     0.50
256                     0.53
512                     0.61
1024                    0.64
2048                    0.79
4096                    1.10
8192                    1.70
16384                   2.92
32768                   5.47
65536                   9.11
131072                 17.11
262144                 32.76
524288                 61.36
1048576               170.48

# OSU MPI_Bcast (data-varying) v7.0
# Size       Avg Latency(us)
1                       0.49
2                       0.47
4                       0.47
8                       0.47
16                      0.47
32                      0.47
64                      0.47
128                     0.51
256                     0.54
512                     0.57
1024                    0.64
2048                    0.79
4096                    1.10
8192                    1.72
16384                   3.00
32768                   5.37
65536                   9.09
131072                 16.93
262144                 32.70
524288                 58.65
1048576               166.40

# OSU MPI_Bcast (data-varying) v7.0
# Size       Avg Latency(us)
1                       0.62
2                       0.53
4                       0.52
8                       0.52
16                      0.52
32                      0.53
64                      0.53
128                     0.55
256                     0.56
512                     0.63
1024                    0.64
2048                    0.80
4096                    1.11
8192                    1.71
16384                   3.02
32768                   5.47
65536                   9.07
131072                 17.01
262144                 32.67
524288                 59.85
1048576               172.86

# OSU MPI_Bcast (data-varying) v7.0
# Size       Avg Latency(us)
1                       0.45
2                       0.45
4                       0.45
8                       0.45
16                      0.45
32                      0.44
64                      0.45
128                     0.48
256                     0.50
512                     0.67
1024                    0.64
2048                    0.79
4096                    1.08
8192                    1.70
16384                   2.96
32768                   5.33
65536                   9.06
131072                 17.00
262144                 32.79
524288                 57.23
1048576               158.25

# OSU MPI_Bcast (data-varying) v7.0
# Size       Avg Latency(us)
1                       0.45
2                       0.45
4                       0.45
8                       0.45
16                      0.45
32                      0.44
64                      0.46
128                     0.52
256                     0.53
512                     0.61
1024                    0.63
2048                    0.79
4096                    1.10
8192                    1.71
16384                   2.99
32768                   5.36
65536                   9.16
131072                 17.15
262144                 33.04
524288                 61.37
1048576               170.78

# OSU MPI_Bcast (data-varying) v7.0
# Size       Avg Latency(us)
1                       0.46
2                       0.45
4                       0.46
8                       0.44
16                      0.45
32                      0.44
64                      0.44
128                     0.49
256                     0.54
512                     0.62
1024                    0.63
2048                    0.78
4096                    1.10
8192                    1.72
16384                   3.01
32768                   5.42
65536                   9.15
131072                 17.12
262144                 33.10
524288                 60.40
1048576               169.39

# OSU MPI_Bcast (data-varying) v7.0
# Size       Avg Latency(us)
1                       0.45
2                       0.45
4                       0.45
8                       0.45
16                      0.45
32                      0.45
64                      0.45
128                     0.48
256                     0.53
512                     0.60
1024                    0.63
2048                    0.79
4096                    1.10
8192                    1.70
16384                   3.00
32768                   5.43
65536                   9.06
131072                 17.02
262144                 32.63
524288                 60.11
1048576               162.27

# OSU MPI_Bcast (data-varying) v7.0
# Size       Avg Latency(us)
1                       0.45
2                       0.45
4                       0.44
8                       0.45
16                      0.44
32                      0.45
64                      0.45
128                     0.50
256                     0.53
512                     0.61
1024                    0.64
2048                    0.79
4096                    1.10
8192                    1.71
16384                   3.05
32768                   5.37
65536                   9.16
131072                 17.14
262144                 32.94
524288                 61.64
1048576               165.31

# OSU MPI_Bcast (data-varying) v7.0
# Size       Avg Latency(us)
1                       0.46
2                       0.45
4                       0.44
8                       0.45
16                      0.44
32                      0.45
64                      0.45
128                     0.48
256                     0.52
512                     0.66
1024                    0.63
2048                    0.78
4096                    1.08
8192                    1.74
16384                   2.95
32768                   5.43
65536                   9.22
131072                 17.10
262144                 32.78
524288                 60.70
1048576               173.33

# OSU MPI_Bcast (data-varying) v7.0
# Size       Avg Latency(us)
1                       0.49
2                       0.49
4                       0.48
8                       0.48
16                      0.48
32                      0.48
64                      0.49
128                     0.50
256                     0.54
512                     0.56
1024                    0.63
2048                    0.80
4096                    1.09
8192                    1.70
16384                   2.97
32768                   5.41
65536                   9.08
131072                 16.79
262144                 32.97
524288                 59.21
1048576               168.98

# OSU MPI_Bcast (data-varying) v7.0
# Size       Avg Latency(us)
1                       0.44
2                       0.45
4                       0.45
8                       0.44
16                      0.45
32                      0.45
64                      0.44
128                     0.48
256                     0.55
512                     0.63
1024                    0.64
2048                    0.78
4096                    1.09
8192                    1.70
16384                   2.97
32768                   5.38
65536                   9.02
131072                 16.75
262144                 32.81
524288                 61.11
1048576               177.89

# OSU MPI_Bcast (data-varying) v7.0
# Size       Avg Latency(us)
1                       0.45
2                       0.46
4                       0.45
8                       0.46
16                      0.45
32                      0.45
64                      0.46
128                     0.49
256                     0.52
512                     0.60
1024                    0.64
2048                    0.79
4096                    1.09
8192                    1.69
16384                   3.01
32768                   5.44
65536                   9.15
131072                 17.08
262144                 32.86
524288                 60.48
1048576               167.40

# OSU MPI_Bcast (data-varying) v7.0
# Size       Avg Latency(us)
1                       0.45
2                       0.46
4                       0.45
8                       0.46
16                      0.46
32                      0.45
64                      0.45
128                     0.47
256                     0.56
512                     0.63
1024                    0.64
2048                    0.79
4096                    1.08
8192                    1.69
16384                   2.99
32768                   5.44
65536                   9.15
131072                 17.02
262144                 32.95
524288                 62.35
1048576               160.95

# OSU MPI_Bcast (data-varying) v7.0
# Size       Avg Latency(us)
1                       0.46
2                       0.46
4                       0.45
8                       0.45
16                      0.45
32                      0.45
64                      0.45
128                     0.49
256                     0.52
512                     0.63
1024                    0.64
2048                    0.79
4096                    1.08
8192                    1.69
16384                   2.99
32768                   5.50
65536                   9.16
131072                 17.04
262144                 32.73
524288                 61.35
1048576               159.25

# OSU MPI_Bcast (data-varying) v7.0
# Size       Avg Latency(us)
1                       0.46
2                       0.46
4                       0.47
8                       0.47
16                      0.46
32                      0.46
64                      0.46
128                     0.54
256                     0.57
512                     0.61
1024                    0.64
2048                    0.78
4096                    1.08
8192                    1.69
16384                   2.95
32768                   5.37
65536                   9.09
131072                 17.05
262144                 32.63
524288                 60.64
1048576               173.90
