
# OSU MPI_Bcast (data-varying) v7.0
# Size       Avg Latency(us)
1                       0.30
2                       0.30
4                       0.31
8                       0.31
16                      0.31
32                      0.31
64                      0.31
128                     0.31
256                     0.39
512                     0.56
1024                    0.64
2048                    0.80
4096                    1.12
8192                    1.74
16384                   3.01
32768                   5.56
65536                   9.26
131072                 16.94
262144                 32.76
524288                 61.35
1048576               164.27

# OSU MPI_Bcast (data-varying) v7.0
# Size       Avg Latency(us)
1                       0.33
2                       0.32
4                       0.32
8                       0.32
16                      0.32
32                      0.32
64                      0.32
128                     0.32
256                     0.40
512                     0.53
1024                    0.64
2048                    0.81
4096                    1.12
8192                    1.72
16384                   2.95
32768                   5.44
65536                   9.20
131072                 17.29
262144                 32.95
524288                 60.90
1048576               168.78

# OSU MPI_Bcast (data-varying) v7.0
# Size       Avg Latency(us)
1                       0.31
2                       0.31
4                       0.31
8                       0.31
16                      0.31
32                      0.31
64                      0.31
128                     0.30
256                     0.40
512                     0.55
1024                    0.64
2048                    0.79
4096                    1.12
8192                    1.74
16384                   3.01
32768                   5.48
65536                   9.18
131072                 17.00
262144                 32.96
524288                 61.20
1048576               171.94

# OSU MPI_Bcast (data-varying) v7.0
# Size       Avg Latency(us)
1                       0.30
2                       0.31
4                       0.30
8                       0.30
16                      0.30
32                      0.31
64                      0.30
128                     0.31
256                     0.38
512                     0.54
1024                    0.64
2048                    0.80
4096                    1.13
8192                    1.77
16384                   2.98
32768                   5.41
65536                   9.35
131072                 17.21
262144                 32.91
524288                 58.46
1048576               170.65

# OSU MPI_Bcast (data-varying) v7.0
# Size       Avg Latency(us)
1                       0.30
2                       0.30
4                       0.29
8                       0.29
16                      0.30
32                      0.29
64                      0.30
128                     0.31
256                     0.40
512                     0.54
1024                    0.63
2048                    0.79
4096                    1.12
8192                    1.75
16384                   3.04
32768                   5.57
65536                   9.22
131072                 17.14
262144                 32.71
524288                 59.01
1048576               161.17

# OSU MPI_Bcast (data-varying) v7.0
# Size       Avg Latency(us)
1                       0.30
2                       0.30
4                       0.30
8                       0.30
16                      0.29
32                      0.29
64                      0.30
128                     0.31
256                     0.37
512                     0.54
1024                    0.62
2048                    0.79
4096                    1.12
8192                    1.73
16384                   2.98
32768                   5.44
65536                   9.15
131072                 17.05
262144                 32.65
524288                 60.02
1048576               165.44

# OSU MPI_Bcast (data-varying) v7.0
# Size       Avg Latency(us)
1                       0.32
2                       0.31
4                       0.31
8                       0.31
16                      0.31
32                      0.31
64                      0.31
128                     0.30
256                     0.35
512                     0.53
1024                    0.63
2048                    0.78
4096                    1.10
8192                    1.72
16384                   2.98
32768                   5.35
65536                   9.17
131072                 17.03
262144                 32.57
524288                 57.54
1048576               158.83

# OSU MPI_Bcast (data-varying) v7.0
# Size       Avg Latency(us)
1                       0.31
2                       0.31
4                       0.31
8                       0.31
16                      0.31
32                      0.31
64                      0.31
128                     0.30
256                     0.37
512                     0.55
1024                    0.66
2048                    0.81
4096                    1.14
8192                    1.77
16384                   3.01
32768                   5.44
65536                   9.24
131072                 17.11
262144                 32.96
524288                 58.85
1048576               160.96

# OSU MPI_Bcast (data-varying) v7.0
# Size       Avg Latency(us)
1                       0.33
2                       0.32
4                       0.32
8                       0.32
16                      0.32
32                      0.32
64                      0.32
128                     0.32
256                     0.40
512                     0.54
1024                    0.63
2048                    0.81
4096                    1.13
8192                    1.75
16384                   3.01
32768                   5.40
65536                   9.23
131072                 16.97
262144                 32.66
524288                 60.74
1048576               159.20

# OSU MPI_Bcast (data-varying) v7.0
# Size       Avg Latency(us)
1                       0.30
2                       0.30
4                       0.30
8                       0.29
16                      0.30
32                      0.29
64                      0.30
128                     0.29
256                     0.38
512                     0.56
1024                    0.63
2048                    0.79
4096                    1.10
8192                    1.75
16384                   3.03
32768                   5.45
65536                   9.32
131072                 17.23
262144                 32.96
524288                 60.59
1048576               170.43

# OSU MPI_Bcast (data-varying) v7.0
# Size       Avg Latency(us)
1                       0.31
2                       0.31
4                       0.31
8                       0.31
16                      0.30
32                      0.31
64                      0.31
128                     0.30
256                     0.38
512                     0.52
1024                    0.64
2048                    0.79
4096                    1.10
8192                    1.73
16384                   3.03
32768                   5.40
65536                   9.15
131072                 17.00
262144                 32.93
524288                 60.76
1048576               167.76

# OSU MPI_Bcast (data-varying) v7.0
# Size       Avg Latency(us)
1                       0.30
2                       0.29
4                       0.29
8                       0.30
16                      0.29
32                      0.30
64                      0.30
128                     0.28
256                     0.36
512                     0.51
1024                    0.63
2048                    0.78
4096                    1.11
8192                    1.74
16384                   2.99
32768                   5.40
65536                   9.19
131072                 17.29
262144                 33.17
524288                 61.01
1048576               170.75

# OSU MPI_Bcast (data-varying) v7.0
# Size       Avg Latency(us)
1                       0.32
2                       0.31
4                       0.31
8                       0.31
16                      0.31
32                      0.31
64                      0.31
128                     0.32
256                     0.36
512                     0.51
1024                    0.64
2048                    0.80
4096                    1.10
8192                    1.77
16384                   3.04
32768                   5.43
65536                   9.10
131072                 16.97
262144                 32.81
524288                 60.07
1048576               164.83

# OSU MPI_Bcast (data-varying) v7.0
# Size       Avg Latency(us)
1                       0.30
2                       0.29
4                       0.29
8                       0.30
16                      0.29
32                      0.29
64                      0.30
128                     0.31
256                     0.39
512                     0.52
1024                    0.62
2048                    0.79
4096                    1.12
8192                    1.74
16384                   2.99
32768                   5.47
65536                   9.09
131072                 16.94
262144                 32.70
524288                 57.24
1048576               170.84

# OSU MPI_Bcast (data-varying) v7.0
# Size       Avg Latency(us)
1                       0.30
2                       0.29
4                       0.29
8                       0.30
16                      0.29
32                      0.30
64                      0.30
128                     0.31
256                     0.39
512                     0.54
1024                    0.64
2048                    0.79
4096                    1.10
8192                    1.70
16384                   2.98
32768                   5.49
65536                   9.14
131072                 17.02
262144                 32.47
524288                 60.14
1048576               161.69

# OSU MPI_Bcast (data-varying) v7.0
# Size       Avg Latency(us)
1                       0.31
2                       0.31
4                       0.32
8                       0.31
16                      0.30
32                      0.32
64                      0.31
128                     0.34
256                     0.38
512                     0.54
1024                    0.64
2048                    0.78
4096                    1.11
8192                    1.72
16384                   2.96
32768                   5.37
65536                   9.15
131072                 17.14
262144                 32.44
524288                 61.93
1048576               171.46

# OSU MPI_Bcast (data-varying) v7.0
# Size       Avg Latency(us)
1                       0.31
2                       0.30
4                       0.31
8                       0.30
16                      0.30
32                      0.31
64                      0.31
128                     0.30
256                     0.37
512                     0.53
1024                    0.64
2048                    0.79
4096                    1.13
8192                    1.75
16384                   2.97
32768                   5.38
65536                   9.18
131072                 17.07
262144                 32.76
524288                 61.36
1048576               175.23

# OSU MPI_Bcast (data-varying) v7.0
# Size       Avg Latency(us)
1                       0.31
2                       0.31
4                       0.30
8                       0.31
16                      0.31
32                      0.32
64                      0.31
128                     0.32
256                     0.42
512                     0.59
1024                    0.64
2048                    0.79
4096                    1.10
8192                    1.73
16384                   2.96
32768                   5.37
65536                   9.25
131072                 17.15
262144                 32.90
524288                 60.11
1048576               166.88

# OSU MPI_Bcast (data-varying) v7.0
# Size       Avg Latency(us)
1                       0.28
2                       0.29
4                       0.29
8                       0.29
16                      0.29
32                      0.29
64                      0.29
128                     0.32
256                     0.38
512                     0.54
1024                    0.63
2048                    0.78
4096                    1.11
8192                    1.73
16384                   3.00
32768                   5.44
65536                   9.21
131072                 17.02
262144                 32.73
524288                 59.68
1048576               171.46

# OSU MPI_Bcast (data-varying) v7.0
# Size       Avg Latency(us)
1                       0.29
2                       0.30
4                       0.30
8                       0.30
16                      0.30
32                      0.30
64                      0.30
128                     0.31
256                     0.37
512                     0.51
1024                    0.64
2048                    0.79
4096                    1.10
8192                    1.76
16384                   2.97
32768                   5.47
65536                   9.22
131072                 17.08
262144                 33.11
524288                 60.19
1048576               164.90

# OSU MPI_Bcast (data-varying) v7.0
# Size       Avg Latency(us)
1                       0.29
2                       0.29
4                       0.29
8                       0.29
16                      0.29
32                      0.29
64                      0.29
128                     0.30
256                     0.36
512                     0.53
1024                    0.63
2048                    0.79
4096                    1.12
8192                    1.78
16384                   3.07
32768                   5.49
65536                   9.26
131072                 17.17
262144                 32.54
524288                 61.37
1048576               167.13

# OSU MPI_Bcast (data-varying) v7.0
# Size       Avg Latency(us)
1                       0.30
2                       0.31
4                       0.31
8                       0.30
16                      0.30
32                      0.30
64                      0.30
128                     0.32
256                     0.35
512                     0.55
1024                    0.63
2048                    0.78
4096                    1.11
8192                    1.75
16384                   3.06
32768                   5.43
65536                   9.22
131072                 17.04
262144                 32.57
524288                 61.34
1048576               160.66

# OSU MPI_Bcast (data-varying) v7.0
# Size       Avg Latency(us)
1                       0.31
2                       0.31
4                       0.31
8                       0.32
16                      0.31
32                      0.31
64                      0.31
128                     0.31
256                     0.38
512                     0.53
1024                    0.63
2048                    0.78
4096                    1.12
8192                    1.73
16384                   2.99
32768                   5.32
65536                   9.20
131072                 17.34
262144                 33.20
524288                 59.31
1048576               167.40

# OSU MPI_Bcast (data-varying) v7.0
# Size       Avg Latency(us)
1                       0.32
2                       0.31
4                       0.31
8                       0.31
16                      0.31
32                      0.31
64                      0.31
128                     0.30
256                     0.39
512                     0.55
1024                    0.65
2048                    0.82
4096                    1.12
8192                    1.75
16384                   3.00
32768                   5.41
65536                   9.24
131072                 17.06
262144                 32.69
524288                 57.05
1048576               167.95

# OSU MPI_Bcast (data-varying) v7.0
# Size       Avg Latency(us)
1                       0.31
2                       0.30
4                       0.30
8                       0.30
16                      0.30
32                      0.31
64                      0.31
128                     0.32
256                     0.37
512                     0.51
1024                    0.64
2048                    0.80
4096                    1.12
8192                    1.77
16384                   3.05
32768                   5.35
65536                   9.34
131072                 17.16
262144                 32.80
524288                 61.42
1048576               175.78

# OSU MPI_Bcast (data-varying) v7.0
# Size       Avg Latency(us)
1                       0.29
2                       0.28
4                       0.29
8                       0.29
16                      0.30
32                      0.29
64                      0.29
128                     0.29
256                     0.35
512                     0.52
1024                    0.63
2048                    0.78
4096                    1.09
8192                    1.71
16384                   2.94
32768                   5.32
65536                   9.05
131072                 16.80
262144                 32.63
524288                 58.66
1048576               171.37

# OSU MPI_Bcast (data-varying) v7.0
# Size       Avg Latency(us)
1                       0.28
2                       0.29
4                       0.28
8                       0.28
16                      0.28
32                      0.28
64                      0.28
128                     0.29
256                     0.36
512                     0.53
1024                    0.63
2048                    0.79
4096                    1.08
8192                    1.75
16384                   3.01
32768                   5.50
65536                   9.21
131072                 17.34
262144                 32.80
524288                 60.41
1048576               164.47

# OSU MPI_Bcast (data-varying) v7.0
# Size       Avg Latency(us)
1                       0.32
2                       0.31
4                       0.32
8                       0.31
16                      0.31
32                      0.32
64                      0.31
128                     0.33
256                     0.40
512                     0.57
1024                    0.66
2048                    0.81
4096                    1.11
8192                    1.73
16384                   2.99
32768                   5.47
65536                   9.20
131072                 17.01
262144                 32.88
524288                 61.82
1048576               165.75

# OSU MPI_Bcast (data-varying) v7.0
# Size       Avg Latency(us)
1                       0.31
2                       0.31
4                       0.31
8                       0.31
16                      0.30
32                      0.31
64                      0.31
128                     0.33
256                     0.40
512                     0.55
1024                    0.64
2048                    0.80
4096                    1.11
8192                    1.73
16384                   2.98
32768                   5.38
65536                   9.23
131072                 17.06
262144                 32.77
524288                 58.72
1048576               165.46

# OSU MPI_Bcast (data-varying) v7.0
# Size       Avg Latency(us)
1                       0.29
2                       0.28
4                       0.29
8                       0.29
16                      0.29
32                      0.29
64                      0.29
128                     0.30
256                     0.37
512                     0.52
1024                    0.63
2048                    0.78
4096                    1.10
8192                    1.75
16384                   2.99
32768                   5.47
65536                   9.15
131072                 16.99
262144                 32.71
524288                 58.90
1048576               157.01
