
# OSU MPI_Bcast (data-varying) v7.0
# Size       Avg Latency(us)
000: 1 0.36
001: 1 0.17
1                       0.26
000: 2 0.36
001: 2 0.16
2                       0.26
000: 4 0.36
001: 4 0.17
4                       0.26
000: 8 0.36
001: 8 0.17
8                       0.27
000: 16 0.38
001: 16 0.18
16                      0.28
000: 32 0.40
001: 32 0.19
32                      0.29
000: 64 0.39
001: 64 0.19
64                      0.29
000: 128 0.39
001: 128 0.19
128                     0.29
000: 256 0.41
001: 256 0.21
256                     0.31
000: 512 0.44
001: 512 0.24
512                     0.34
000: 1024 0.50
001: 1024 0.30
1024                    0.40
000: 2048 0.60
001: 2048 0.40
2048                    0.50
000: 4096 0.82
001: 4096 0.62
4096                    0.72
000: 8192 1.26
001: 8192 1.06
8192                    1.16
000: 16384 2.14
001: 16384 1.93
16384                   2.04
000: 32768 3.85
001: 32768 3.65
32768                   3.75
000: 65536 5.42
001: 65536 5.27
65536                   5.35
000: 131072 8.42
001: 131072 8.26
131072                  8.34
000: 262144 13.95
001: 262144 13.79
262144                 13.87
000: 524288 25.85
001: 524288 25.69
524288                 25.77
000: 1048576 69.95
001: 1048576 69.78
1048576                69.87

# OSU MPI_Bcast (data-varying) v7.0
# Size       Avg Latency(us)
000: 1 0.39
001: 1 0.16
1                       0.27
000: 2 0.38
001: 2 0.15
2                       0.26
000: 4 0.38
001: 4 0.15
4                       0.26
000: 8 0.38
001: 8 0.16
8                       0.27
000: 16 0.38
001: 16 0.15
16                      0.27
000: 32 0.39
001: 32 0.16
32                      0.28
000: 64 0.42
001: 64 0.18
64                      0.30
000: 128 0.44
001: 128 0.19
128                     0.31
000: 256 0.46
001: 256 0.21
256                     0.33
000: 512 0.49
001: 512 0.24
512                     0.36
000: 1024 0.59
001: 1024 0.34
1024                    0.46
000: 2048 0.72
001: 2048 0.48
2048                    0.60
000: 4096 0.97
001: 4096 0.72
4096                    0.84
000: 8192 1.27
001: 8192 1.04
8192                    1.16
000: 16384 2.15
001: 16384 1.92
16384                   2.04
000: 32768 3.86
001: 32768 3.63
32768                   3.74
000: 65536 5.43
001: 65536 5.25
65536                   5.34
000: 131072 8.42
001: 131072 8.24
131072                  8.33
000: 262144 13.94
001: 262144 13.76
262144                 13.85
000: 524288 25.39
001: 524288 25.20
524288                 25.29
000: 1048576 69.29
001: 1048576 69.09
1048576                69.19

# OSU MPI_Bcast (data-varying) v7.0
# Size       Avg Latency(us)
000: 1 0.35
001: 1 0.14
1                       0.25
000: 2 0.35
001: 2 0.14
2                       0.25
000: 4 0.36
001: 4 0.15
4                       0.25
000: 8 0.36
001: 8 0.15
8                       0.25
000: 16 0.36
001: 16 0.16
16                      0.26
000: 32 0.38
001: 32 0.17
32                      0.27
000: 64 0.38
001: 64 0.17
64                      0.27
000: 128 0.39
001: 128 0.18
128                     0.28
000: 256 0.41
001: 256 0.20
256                     0.31
000: 512 0.43
001: 512 0.22
512                     0.33
000: 1024 0.48
001: 1024 0.28
1024                    0.38
000: 2048 0.59
001: 2048 0.38
2048                    0.48
000: 4096 0.82
001: 4096 0.61
4096                    0.72
000: 8192 1.26
001: 8192 1.05
8192                    1.15
000: 16384 2.13
001: 16384 1.92
16384                   2.03
000: 32768 3.80
001: 32768 3.60
32768                   3.70
000: 65536 5.47
001: 65536 5.31
65536                   5.39
000: 131072 8.41
001: 131072 8.25
131072                  8.33
000: 262144 13.93
001: 262144 13.76
262144                 13.84
000: 524288 25.39
001: 524288 25.22
524288                 25.30
000: 1048576 69.17
001: 1048576 68.99
1048576                69.08

# OSU MPI_Bcast (data-varying) v7.0
# Size       Avg Latency(us)
000: 1 0.33
001: 1 0.14
1                       0.24
000: 2 0.34
001: 2 0.14
2                       0.24
000: 4 0.34
001: 4 0.14
4                       0.24
000: 8 0.34
001: 8 0.14
8                       0.24
000: 16 0.34
001: 16 0.14
16                      0.24
000: 32 0.35
001: 32 0.15
32                      0.25
000: 64 0.35
001: 64 0.15
64                      0.25
000: 128 0.35
001: 128 0.16
128                     0.26
000: 256 0.40
001: 256 0.21
256                     0.31
000: 512 0.40
001: 512 0.21
512                     0.31
000: 1024 0.48
001: 1024 0.28
1024                    0.38
000: 2048 0.59
001: 2048 0.39
2048                    0.49
000: 4096 0.82
001: 4096 0.62
4096                    0.72
000: 8192 1.24
001: 8192 1.04
8192                    1.14
000: 16384 2.13
001: 16384 1.93
16384                   2.03
000: 32768 3.87
001: 32768 3.67
32768                   3.77
000: 65536 5.64
001: 65536 5.42
65536                   5.53
000: 131072 8.49
001: 131072 8.27
131072                  8.38
000: 262144 14.01
001: 262144 13.83
262144                 13.92
000: 524288 25.19
001: 524288 24.98
524288                 25.09
000: 1048576 69.78
001: 1048576 69.54
1048576                69.66

# OSU MPI_Bcast (data-varying) v7.0
# Size       Avg Latency(us)
000: 1 0.36
001: 1 0.13
1                       0.24
000: 2 0.36
001: 2 0.13
2                       0.24
000: 4 0.37
001: 4 0.14
4                       0.25
000: 8 0.36
001: 8 0.13
8                       0.24
000: 16 0.36
001: 16 0.13
16                      0.25
000: 32 0.36
001: 32 0.13
32                      0.25
000: 64 0.36
001: 64 0.14
64                      0.25
000: 128 0.40
001: 128 0.17
128                     0.28
000: 256 0.42
001: 256 0.19
256                     0.30
000: 512 0.44
001: 512 0.21
512                     0.32
000: 1024 0.51
001: 1024 0.28
1024                    0.39
000: 2048 0.62
001: 2048 0.39
2048                    0.50
000: 4096 0.83
001: 4096 0.60
4096                    0.72
000: 8192 1.27
001: 8192 1.04
8192                    1.16
000: 16384 2.15
001: 16384 1.92
16384                   2.04
000: 32768 3.87
001: 32768 3.64
32768                   3.75
000: 65536 5.43
001: 65536 5.24
65536                   5.34
000: 131072 8.47
001: 131072 8.28
131072                  8.38
000: 262144 13.95
001: 262144 13.77
262144                 13.86
000: 524288 25.49
001: 524288 25.29
524288                 25.39
000: 1048576 70.17
001: 1048576 69.96
1048576                70.07

# OSU MPI_Bcast (data-varying) v7.0
# Size       Avg Latency(us)
000: 1 0.36
001: 1 0.14
1                       0.25
000: 2 0.35
001: 2 0.14
2                       0.25
000: 4 0.35
001: 4 0.14
4                       0.24
000: 8 0.35
001: 8 0.14
8                       0.24
000: 16 0.36
001: 16 0.14
16                      0.25
000: 32 0.37
001: 32 0.15
32                      0.26
000: 64 0.37
001: 64 0.15
64                      0.26
000: 128 0.38
001: 128 0.15
128                     0.27
000: 256 0.42
001: 256 0.20
256                     0.31
000: 512 0.43
001: 512 0.20
512                     0.32
000: 1024 0.50
001: 1024 0.27
1024                    0.39
000: 2048 0.60
001: 2048 0.38
2048                    0.49
000: 4096 0.82
001: 4096 0.59
4096                    0.71
000: 8192 1.26
001: 8192 1.04
8192                    1.15
000: 16384 2.09
001: 16384 1.86
16384                   1.98
000: 32768 3.86
001: 32768 3.64
32768                   3.75
000: 65536 5.37
001: 65536 5.20
65536                   5.28
000: 131072 8.37
001: 131072 8.19
131072                  8.28
000: 262144 13.81
001: 262144 13.62
262144                 13.71
000: 524288 25.08
001: 524288 24.89
524288                 24.99
000: 1048576 69.25
001: 1048576 69.05
1048576                69.15

# OSU MPI_Bcast (data-varying) v7.0
# Size       Avg Latency(us)
000: 1 0.34
001: 1 0.13
1                       0.23
000: 2 0.34
001: 2 0.13
2                       0.23
000: 4 0.34
001: 4 0.13
4                       0.23
000: 8 0.34
001: 8 0.13
8                       0.24
000: 16 0.34
001: 16 0.13
16                      0.24
000: 32 0.35
001: 32 0.14
32                      0.24
000: 64 0.36
001: 64 0.14
64                      0.25
000: 128 0.40
001: 128 0.18
128                     0.29
000: 256 0.38
001: 256 0.16
256                     0.27
000: 512 0.41
001: 512 0.20
512                     0.31
000: 1024 0.49
001: 1024 0.28
1024                    0.38
000: 2048 0.59
001: 2048 0.38
2048                    0.49
000: 4096 0.82
001: 4096 0.60
4096                    0.71
000: 8192 1.26
001: 8192 1.04
8192                    1.15
000: 16384 2.13
001: 16384 1.91
16384                   2.02
000: 32768 3.87
001: 32768 3.66
32768                   3.76
000: 65536 5.46
001: 65536 5.28
65536                   5.37
000: 131072 8.42
001: 131072 8.26
131072                  8.34
000: 262144 13.97
001: 262144 13.81
262144                 13.89
000: 524288 25.76
001: 524288 25.59
524288                 25.67
000: 1048576 70.86
001: 1048576 70.66
1048576                70.76

# OSU MPI_Bcast (data-varying) v7.0
# Size       Avg Latency(us)
000: 1 0.34
001: 1 0.14
1                       0.24
000: 2 0.34
001: 2 0.14
2                       0.24
000: 4 0.35
001: 4 0.15
4                       0.25
000: 8 0.35
001: 8 0.15
8                       0.25
000: 16 0.36
001: 16 0.15
16                      0.26
000: 32 0.35
001: 32 0.15
32                      0.25
000: 64 0.35
001: 64 0.15
64                      0.25
000: 128 0.38
001: 128 0.18
128                     0.28
000: 256 0.41
001: 256 0.21
256                     0.31
000: 512 0.45
001: 512 0.25
512                     0.35
000: 1024 0.48
001: 1024 0.28
1024                    0.38
000: 2048 0.59
001: 2048 0.39
2048                    0.49
000: 4096 0.82
001: 4096 0.61
4096                    0.71
000: 8192 1.25
001: 8192 1.05
8192                    1.15
000: 16384 2.12
001: 16384 1.92
16384                   2.02
000: 32768 3.84
001: 32768 3.65
32768                   3.74
000: 65536 5.42
001: 65536 5.27
65536                   5.35
000: 131072 8.40
001: 131072 8.25
131072                  8.33
000: 262144 13.92
001: 262144 13.75
262144                 13.83
000: 524288 25.55
001: 524288 25.39
524288                 25.47
000: 1048576 68.44
001: 1048576 68.25
1048576                68.34

# OSU MPI_Bcast (data-varying) v7.0
# Size       Avg Latency(us)
000: 1 0.36
001: 1 0.14
1                       0.25
000: 2 0.36
001: 2 0.14
2                       0.25
000: 4 0.36
001: 4 0.14
4                       0.25
000: 8 0.36
001: 8 0.15
8                       0.26
000: 16 0.36
001: 16 0.14
16                      0.25
000: 32 0.37
001: 32 0.15
32                      0.26
000: 64 0.37
001: 64 0.15
64                      0.26
000: 128 0.37
001: 128 0.15
128                     0.26
000: 256 0.41
001: 256 0.18
256                     0.29
000: 512 0.46
001: 512 0.24
512                     0.35
000: 1024 0.51
001: 1024 0.29
1024                    0.40
000: 2048 0.61
001: 2048 0.39
2048                    0.50
000: 4096 0.83
001: 4096 0.61
4096                    0.72
000: 8192 1.27
001: 8192 1.05
8192                    1.16
000: 16384 2.16
001: 16384 1.93
16384                   2.04
000: 32768 3.88
001: 32768 3.66
32768                   3.77
000: 65536 5.38
001: 65536 5.20
65536                   5.29
000: 131072 8.38
001: 131072 8.21
131072                  8.29
000: 262144 13.86
001: 262144 13.69
262144                 13.78
000: 524288 24.88
001: 524288 24.70
524288                 24.79
000: 1048576 70.36
001: 1048576 70.15
1048576                70.26

# OSU MPI_Bcast (data-varying) v7.0
# Size       Avg Latency(us)
000: 1 0.37
001: 1 0.14
1                       0.26
000: 2 0.37
001: 2 0.14
2                       0.26
000: 4 0.37
001: 4 0.14
4                       0.25
000: 8 0.36
001: 8 0.14
8                       0.25
000: 16 0.37
001: 16 0.15
16                      0.26
000: 32 0.38
001: 32 0.15
32                      0.27
000: 64 0.38
001: 64 0.15
64                      0.27
000: 128 0.38
001: 128 0.15
128                     0.27
000: 256 0.42
001: 256 0.19
256                     0.31
000: 512 0.44
001: 512 0.21
512                     0.32
000: 1024 0.51
001: 1024 0.28
1024                    0.39
000: 2048 0.61
001: 2048 0.38
2048                    0.49
000: 4096 0.84
001: 4096 0.60
4096                    0.72
000: 8192 1.27
001: 8192 1.04
8192                    1.16
000: 16384 2.18
001: 16384 1.92
16384                   2.05
000: 32768 3.88
001: 32768 3.65
32768                   3.76
000: 65536 5.43
001: 65536 5.26
65536                   5.34
000: 131072 8.44
001: 131072 8.26
131072                  8.35
000: 262144 13.93
001: 262144 13.76
262144                 13.84
000: 524288 25.14
001: 524288 24.96
524288                 25.05
000: 1048576 70.13
001: 1048576 69.92
1048576                70.03

# OSU MPI_Bcast (data-varying) v7.0
# Size       Avg Latency(us)
000: 1 0.36
001: 1 0.14
1                       0.25
000: 2 0.36
001: 2 0.14
2                       0.25
000: 4 0.36
001: 4 0.14
4                       0.25
000: 8 0.37
001: 8 0.15
8                       0.26
000: 16 0.37
001: 16 0.15
16                      0.26
000: 32 0.38
001: 32 0.15
32                      0.27
000: 64 0.38
001: 64 0.16
64                      0.27
000: 128 0.39
001: 128 0.17
128                     0.28
000: 256 0.41
001: 256 0.18
256                     0.29
000: 512 0.44
001: 512 0.21
512                     0.33
000: 1024 0.49
001: 1024 0.27
1024                    0.38
000: 2048 0.60
001: 2048 0.37
2048                    0.49
000: 4096 0.82
001: 4096 0.60
4096                    0.71
000: 8192 1.25
001: 8192 1.03
8192                    1.14
000: 16384 2.13
001: 16384 1.91
16384                   2.02
000: 32768 3.77
001: 32768 3.55
32768                   3.66
000: 65536 5.45
001: 65536 5.25
65536                   5.35
000: 131072 8.45
001: 131072 8.25
131072                  8.35
000: 262144 13.93
001: 262144 13.73
262144                 13.83
000: 524288 25.03
001: 524288 24.82
524288                 24.92
000: 1048576 70.01
001: 1048576 69.79
1048576                69.90

# OSU MPI_Bcast (data-varying) v7.0
# Size       Avg Latency(us)
000: 1 0.37
001: 1 0.15
1                       0.26
000: 2 0.37
001: 2 0.14
2                       0.25
000: 4 0.37
001: 4 0.15
4                       0.26
000: 8 0.37
001: 8 0.15
8                       0.26
000: 16 0.37
001: 16 0.15
16                      0.26
000: 32 0.38
001: 32 0.15
32                      0.26
000: 64 0.38
001: 64 0.15
64                      0.26
000: 128 0.39
001: 128 0.16
128                     0.28
000: 256 0.40
001: 256 0.18
256                     0.29
000: 512 0.43
001: 512 0.21
512                     0.32
000: 1024 0.50
001: 1024 0.27
1024                    0.39
000: 2048 0.60
001: 2048 0.38
2048                    0.49
000: 4096 0.82
001: 4096 0.60
4096                    0.71
000: 8192 1.25
001: 8192 1.03
8192                    1.14
000: 16384 2.13
001: 16384 1.90
16384                   2.02
000: 32768 3.87
001: 32768 3.65
32768                   3.76
000: 65536 5.51
001: 65536 5.33
65536                   5.42
000: 131072 8.43
001: 131072 8.25
131072                  8.34
000: 262144 13.91
001: 262144 13.74
262144                 13.83
000: 524288 25.06
001: 524288 24.88
524288                 24.97
000: 1048576 69.62
001: 1048576 69.41
1048576                69.51

# OSU MPI_Bcast (data-varying) v7.0
# Size       Avg Latency(us)
000: 1 0.34
001: 1 0.12
1                       0.23
000: 2 0.34
001: 2 0.13
2                       0.23
000: 4 0.34
001: 4 0.13
4                       0.23
000: 8 0.35
001: 8 0.13
8                       0.24
000: 16 0.34
001: 16 0.13
16                      0.23
000: 32 0.35
001: 32 0.13
32                      0.24
000: 64 0.35
001: 64 0.13
64                      0.24
000: 128 0.39
001: 128 0.17
128                     0.28
000: 256 0.38
001: 256 0.16
256                     0.27
000: 512 0.41
001: 512 0.19
512                     0.30
000: 1024 0.49
001: 1024 0.27
1024                    0.38
000: 2048 0.59
001: 2048 0.38
2048                    0.49
000: 4096 0.82
001: 4096 0.60
4096                    0.71
000: 8192 1.25
001: 8192 1.03
8192                    1.14
000: 16384 2.12
001: 16384 1.90
16384                   2.01
000: 32768 3.82
001: 32768 3.60
32768                   3.71
000: 65536 5.31
001: 65536 5.14
65536                   5.22
000: 131072 8.37
001: 131072 8.21
131072                  8.29
000: 262144 13.90
001: 262144 13.72
262144                 13.81
000: 524288 24.96
001: 524288 24.77
524288                 24.86
000: 1048576 69.55
001: 1048576 69.34
1048576                69.44

# OSU MPI_Bcast (data-varying) v7.0
# Size       Avg Latency(us)
000: 1 0.34
001: 1 0.15
1                       0.25
000: 2 0.34
001: 2 0.15
2                       0.25
000: 4 0.34
001: 4 0.16
4                       0.25
000: 8 0.38
001: 8 0.19
8                       0.28
000: 16 0.36
001: 16 0.18
16                      0.27
000: 32 0.39
001: 32 0.19
32                      0.29
000: 64 0.38
001: 64 0.19
64                      0.29
000: 128 0.39
001: 128 0.20
128                     0.30
000: 256 0.40
001: 256 0.21
256                     0.31
000: 512 0.41
001: 512 0.22
512                     0.32
000: 1024 0.48
001: 1024 0.28
1024                    0.38
000: 2048 0.58
001: 2048 0.39
2048                    0.48
000: 4096 0.80
001: 4096 0.61
4096                    0.71
000: 8192 1.25
001: 8192 1.05
8192                    1.15
000: 16384 2.11
001: 16384 1.91
16384                   2.01
000: 32768 3.85
001: 32768 3.65
32768                   3.75
000: 65536 5.49
001: 65536 5.32
65536                   5.40
000: 131072 8.45
001: 131072 8.28
131072                  8.37
000: 262144 13.94
001: 262144 13.77
262144                 13.86
000: 524288 25.30
001: 524288 25.11
524288                 25.20
000: 1048576 69.21
001: 1048576 69.02
1048576                69.11

# OSU MPI_Bcast (data-varying) v7.0
# Size       Avg Latency(us)
000: 1 0.35
001: 1 0.14
1                       0.25
000: 2 0.35
001: 2 0.13
2                       0.24
000: 4 0.35
001: 4 0.13
4                       0.24
000: 8 0.35
001: 8 0.13
8                       0.24
000: 16 0.36
001: 16 0.14
16                      0.25
000: 32 0.36
001: 32 0.14
32                      0.25
000: 64 0.36
001: 64 0.14
64                      0.25
000: 128 0.40
001: 128 0.18
128                     0.29
000: 256 0.42
001: 256 0.20
256                     0.31
000: 512 0.45
001: 512 0.22
512                     0.34
000: 1024 0.49
001: 1024 0.27
1024                    0.38
000: 2048 0.60
001: 2048 0.38
2048                    0.49
000: 4096 0.83
001: 4096 0.60
4096                    0.71
000: 8192 1.27
001: 8192 1.04
8192                    1.16
000: 16384 2.14
001: 16384 1.91
16384                   2.02
000: 32768 3.89
001: 32768 3.67
32768                   3.78
000: 65536 5.45
001: 65536 5.28
65536                   5.36
000: 131072 8.45
001: 131072 8.27
131072                  8.36
000: 262144 13.92
001: 262144 13.75
262144                 13.84
000: 524288 25.22
001: 524288 25.04
524288                 25.13
000: 1048576 69.27
001: 1048576 69.07
1048576                69.17

# OSU MPI_Bcast (data-varying) v7.0
# Size       Avg Latency(us)
000: 1 0.34
001: 1 0.14
1                       0.24
000: 2 0.35
001: 2 0.14
2                       0.24
000: 4 0.35
001: 4 0.14
4                       0.24
000: 8 0.35
001: 8 0.14
8                       0.24
000: 16 0.35
001: 16 0.15
16                      0.25
000: 32 0.36
001: 32 0.15
32                      0.26
000: 64 0.36
001: 64 0.16
64                      0.26
000: 128 0.37
001: 128 0.16
128                     0.27
000: 256 0.38
001: 256 0.17
256                     0.28
000: 512 0.41
001: 512 0.20
512                     0.30
000: 1024 0.48
001: 1024 0.27
1024                    0.37
000: 2048 0.59
001: 2048 0.38
2048                    0.48
000: 4096 0.81
001: 4096 0.60
4096                    0.71
000: 8192 1.24
001: 8192 1.03
8192                    1.14
000: 16384 2.12
001: 16384 1.91
16384                   2.01
000: 32768 3.84
001: 32768 3.64
32768                   3.74
000: 65536 5.48
001: 65536 5.29
65536                   5.39
000: 131072 8.42
001: 131072 8.26
131072                  8.34
000: 262144 13.93
001: 262144 13.75
262144                 13.84
000: 524288 25.14
001: 524288 24.96
524288                 25.05
000: 1048576 69.00
001: 1048576 68.80
1048576                68.90

# OSU MPI_Bcast (data-varying) v7.0
# Size       Avg Latency(us)
000: 1 0.31
001: 1 0.15
1                       0.23
000: 2 0.31
001: 2 0.15
2                       0.23
000: 4 0.31
001: 4 0.15
4                       0.23
000: 8 0.32
001: 8 0.16
8                       0.24
000: 16 0.31
001: 16 0.15
16                      0.23
000: 32 0.31
001: 32 0.15
32                      0.23
000: 64 0.36
001: 64 0.19
64                      0.27
000: 128 0.36
001: 128 0.20
128                     0.28
000: 256 0.35
001: 256 0.18
256                     0.27
000: 512 0.37
001: 512 0.20
512                     0.28
000: 1024 0.46
001: 1024 0.29
1024                    0.37
000: 2048 0.57
001: 2048 0.39
2048                    0.48
000: 4096 0.79
001: 4096 0.62
4096                    0.70
000: 8192 1.22
001: 8192 1.05
8192                    1.14
000: 16384 2.09
001: 16384 1.92
16384                   2.01
000: 32768 3.86
001: 32768 3.68
32768                   3.77
000: 65536 5.38
001: 65536 5.20
65536                   5.29
000: 131072 8.39
001: 131072 8.21
131072                  8.30
000: 262144 13.86
001: 262144 13.68
262144                 13.77
000: 524288 24.92
001: 524288 24.74
524288                 24.83
000: 1048576 70.05
001: 1048576 69.85
1048576                69.95

# OSU MPI_Bcast (data-varying) v7.0
# Size       Avg Latency(us)
000: 1 0.36
001: 1 0.14
1                       0.25
000: 2 0.36
001: 2 0.14
2                       0.25
000: 4 0.36
001: 4 0.15
4                       0.26
000: 8 0.37
001: 8 0.15
8                       0.26
000: 16 0.37
001: 16 0.16
16                      0.27
000: 32 0.38
001: 32 0.16
32                      0.27
000: 64 0.38
001: 64 0.16
64                      0.27
000: 128 0.37
001: 128 0.16
128                     0.27
000: 256 0.40
001: 256 0.18
256                     0.29
000: 512 0.42
001: 512 0.20
512                     0.31
000: 1024 0.49
001: 1024 0.27
1024                    0.38
000: 2048 0.59
001: 2048 0.37
2048                    0.48
000: 4096 0.82
001: 4096 0.59
4096                    0.70
000: 8192 1.27
001: 8192 1.05
8192                    1.16
000: 16384 2.13
001: 16384 1.91
16384                   2.02
000: 32768 3.87
001: 32768 3.65
32768                   3.76
000: 65536 5.47
001: 65536 5.29
65536                   5.38
000: 131072 8.44
001: 131072 8.27
131072                  8.35
000: 262144 13.97
001: 262144 13.78
262144                 13.87
000: 524288 25.50
001: 524288 25.31
524288                 25.40
000: 1048576 69.95
001: 1048576 69.74
1048576                69.84

# OSU MPI_Bcast (data-varying) v7.0
# Size       Avg Latency(us)
000: 1 0.37
001: 1 0.16
1                       0.26
000: 2 0.37
001: 2 0.16
2                       0.27
000: 4 0.36
001: 4 0.15
4                       0.26
000: 8 0.39
001: 8 0.19
8                       0.29
000: 16 0.38
001: 16 0.18
16                      0.28
000: 32 0.40
001: 32 0.19
32                      0.29
000: 64 0.40
001: 64 0.19
64                      0.30
000: 128 0.40
001: 128 0.20
128                     0.30
000: 256 0.41
001: 256 0.20
256                     0.31
000: 512 0.43
001: 512 0.22
512                     0.32
000: 1024 0.50
001: 1024 0.29
1024                    0.40
000: 2048 0.60
001: 2048 0.39
2048                    0.50
000: 4096 0.84
001: 4096 0.62
4096                    0.73
000: 8192 1.27
001: 8192 1.05
8192                    1.16
000: 16384 2.14
001: 16384 1.93
16384                   2.03
000: 32768 3.88
001: 32768 3.67
32768                   3.78
000: 65536 5.45
001: 65536 5.29
65536                   5.37
000: 131072 8.46
001: 131072 8.27
131072                  8.37
000: 262144 13.96
001: 262144 13.80
262144                 13.88
000: 524288 25.54
001: 524288 25.36
524288                 25.45
000: 1048576 69.37
001: 1048576 69.18
1048576                69.27

# OSU MPI_Bcast (data-varying) v7.0
# Size       Avg Latency(us)
000: 1 0.36
001: 1 0.15
1                       0.25
000: 2 0.35
001: 2 0.15
2                       0.25
000: 4 0.35
001: 4 0.15
4                       0.25
000: 8 0.36
001: 8 0.15
8                       0.25
000: 16 0.36
001: 16 0.15
16                      0.25
000: 32 0.36
001: 32 0.15
32                      0.26
000: 64 0.38
001: 64 0.17
64                      0.27
000: 128 0.39
001: 128 0.18
128                     0.28
000: 256 0.41
001: 256 0.20
256                     0.30
000: 512 0.42
001: 512 0.21
512                     0.32
000: 1024 0.50
001: 1024 0.29
1024                    0.39
000: 2048 0.61
001: 2048 0.40
2048                    0.50
000: 4096 0.84
001: 4096 0.62
4096                    0.73
000: 8192 1.26
001: 8192 1.05
8192                    1.16
000: 16384 2.14
001: 16384 1.92
16384                   2.03
000: 32768 3.87
001: 32768 3.67
32768                   3.77
000: 65536 5.48
001: 65536 5.26
65536                   5.37
000: 131072 8.51
001: 131072 8.28
131072                  8.39
000: 262144 13.98
001: 262144 13.75
262144                 13.86
000: 524288 25.61
001: 524288 25.39
524288                 25.50
000: 1048576 70.26
001: 1048576 70.03
1048576                70.15

# OSU MPI_Bcast (data-varying) v7.0
# Size       Avg Latency(us)
000: 1 0.37
001: 1 0.15
1                       0.26
000: 2 0.37
001: 2 0.15
2                       0.26
000: 4 0.37
001: 4 0.15
4                       0.26
000: 8 0.37
001: 8 0.15
8                       0.26
000: 16 0.39
001: 16 0.16
16                      0.28
000: 32 0.39
001: 32 0.16
32                      0.28
000: 64 0.39
001: 64 0.16
64                      0.28
000: 128 0.39
001: 128 0.16
128                     0.27
000: 256 0.42
001: 256 0.19
256                     0.30
000: 512 0.44
001: 512 0.21
512                     0.32
000: 1024 0.50
001: 1024 0.27
1024                    0.39
000: 2048 0.61
001: 2048 0.38
2048                    0.50
000: 4096 0.84
001: 4096 0.61
4096                    0.72
000: 8192 1.27
001: 8192 1.04
8192                    1.16
000: 16384 2.14
001: 16384 1.91
16384                   2.03
000: 32768 3.86
001: 32768 3.63
32768                   3.75
000: 65536 5.43
001: 65536 5.26
65536                   5.35
000: 131072 8.42
001: 131072 8.24
131072                  8.33
000: 262144 13.95
001: 262144 13.77
262144                 13.86
000: 524288 25.56
001: 524288 25.38
524288                 25.47
000: 1048576 69.34
001: 1048576 69.14
1048576                69.24

# OSU MPI_Bcast (data-varying) v7.0
# Size       Avg Latency(us)
000: 1 0.36
001: 1 0.14
1                       0.25
000: 2 0.36
001: 2 0.14
2                       0.25
000: 4 0.36
001: 4 0.14
4                       0.25
000: 8 0.36
001: 8 0.14
8                       0.25
000: 16 0.37
001: 16 0.14
16                      0.25
000: 32 0.37
001: 32 0.14
32                      0.25
000: 64 0.37
001: 64 0.14
64                      0.25
000: 128 0.37
001: 128 0.15
128                     0.26
000: 256 0.39
001: 256 0.16
256                     0.27
000: 512 0.42
001: 512 0.19
512                     0.30
000: 1024 0.50
001: 1024 0.27
1024                    0.38
000: 2048 0.60
001: 2048 0.37
2048                    0.49
000: 4096 0.82
001: 4096 0.59
4096                    0.71
000: 8192 1.26
001: 8192 1.03
8192                    1.15
000: 16384 2.13
001: 16384 1.90
16384                   2.01
000: 32768 3.87
001: 32768 3.64
32768                   3.75
000: 65536 5.48
001: 65536 5.31
65536                   5.40
000: 131072 8.45
001: 131072 8.28
131072                  8.36
000: 262144 13.94
001: 262144 13.77
262144                 13.86
000: 524288 27.26
001: 524288 27.07
524288                 27.17
000: 1048576 71.40
001: 1048576 71.21
1048576                71.31

# OSU MPI_Bcast (data-varying) v7.0
# Size       Avg Latency(us)
000: 1 0.33
001: 1 0.13
1                       0.23
000: 2 0.34
001: 2 0.13
2                       0.23
000: 4 0.34
001: 4 0.13
4                       0.23
000: 8 0.34
001: 8 0.13
8                       0.24
000: 16 0.34
001: 16 0.14
16                      0.24
000: 32 0.35
001: 32 0.14
32                      0.24
000: 64 0.35
001: 64 0.14
64                      0.24
000: 128 0.39
001: 128 0.18
128                     0.29
000: 256 0.39
001: 256 0.18
256                     0.28
000: 512 0.40
001: 512 0.19
512                     0.30
000: 1024 0.48
001: 1024 0.28
1024                    0.38
000: 2048 0.59
001: 2048 0.38
2048                    0.49
000: 4096 0.80
001: 4096 0.59
4096                    0.70
000: 8192 1.24
001: 8192 1.04
8192                    1.14
000: 16384 2.11
001: 16384 1.90
16384                   2.01
000: 32768 3.89
001: 32768 3.69
32768                   3.79
000: 65536 5.44
001: 65536 5.26
65536                   5.35
000: 131072 8.45
001: 131072 8.27
131072                  8.36
000: 262144 13.97
001: 262144 13.78
262144                 13.87
000: 524288 25.30
001: 524288 25.12
524288                 25.21
000: 1048576 69.49
001: 1048576 69.29
1048576                69.39

# OSU MPI_Bcast (data-varying) v7.0
# Size       Avg Latency(us)
000: 1 0.36
001: 1 0.15
1                       0.25
000: 2 0.37
001: 2 0.16
2                       0.26
000: 4 0.38
001: 4 0.17
4                       0.27
000: 8 0.36
001: 8 0.15
8                       0.25
000: 16 0.38
001: 16 0.17
16                      0.28
000: 32 0.39
001: 32 0.17
32                      0.28
000: 64 0.39
001: 64 0.17
64                      0.28
000: 128 0.40
001: 128 0.19
128                     0.30
000: 256 0.42
001: 256 0.20
256                     0.31
000: 512 0.46
001: 512 0.24
512                     0.35
000: 1024 0.49
001: 1024 0.28
1024                    0.38
000: 2048 0.60
001: 2048 0.38
2048                    0.49
000: 4096 0.82
001: 4096 0.60
4096                    0.71
000: 8192 1.26
001: 8192 1.04
8192                    1.15
000: 16384 2.14
001: 16384 1.91
16384                   2.02
000: 32768 3.88
001: 32768 3.66
32768                   3.77
000: 65536 5.48
001: 65536 5.31
65536                   5.40
000: 131072 8.44
001: 131072 8.27
131072                  8.35
000: 262144 13.97
001: 262144 13.79
262144                 13.88
000: 524288 25.27
001: 524288 25.09
524288                 25.18
000: 1048576 70.00
001: 1048576 69.73
1048576                69.87

# OSU MPI_Bcast (data-varying) v7.0
# Size       Avg Latency(us)
000: 1 0.36
001: 1 0.14
1                       0.25
000: 2 0.36
001: 2 0.14
2                       0.25
000: 4 0.36
001: 4 0.14
4                       0.25
000: 8 0.36
001: 8 0.15
8                       0.25
000: 16 0.36
001: 16 0.15
16                      0.26
000: 32 0.38
001: 32 0.16
32                      0.27
000: 64 0.39
001: 64 0.17
64                      0.28
000: 128 0.38
001: 128 0.16
128                     0.27
000: 256 0.38
001: 256 0.16
256                     0.27
000: 512 0.41
001: 512 0.19
512                     0.30
000: 1024 0.50
001: 1024 0.28
1024                    0.39
000: 2048 0.60
001: 2048 0.38
2048                    0.49
000: 4096 0.82
001: 4096 0.60
4096                    0.71
000: 8192 1.26
001: 8192 1.04
8192                    1.15
000: 16384 2.13
001: 16384 1.90
16384                   2.02
000: 32768 3.87
001: 32768 3.65
32768                   3.76
000: 65536 5.46
001: 65536 5.29
65536                   5.38
000: 131072 8.43
001: 131072 8.26
131072                  8.35
000: 262144 13.97
001: 262144 13.76
262144                 13.86
000: 524288 25.06
001: 524288 24.85
524288                 24.95
000: 1048576 70.43
001: 1048576 70.20
1048576                70.31

# OSU MPI_Bcast (data-varying) v7.0
# Size       Avg Latency(us)
000: 1 0.34
001: 1 0.14
1                       0.24
000: 2 0.34
001: 2 0.14
2                       0.24
000: 4 0.34
001: 4 0.14
4                       0.24
000: 8 0.35
001: 8 0.15
8                       0.25
000: 16 0.35
001: 16 0.15
16                      0.25
000: 32 0.35
001: 32 0.15
32                      0.25
000: 64 0.35
001: 64 0.15
64                      0.25
000: 128 0.36
001: 128 0.17
128                     0.26
000: 256 0.40
001: 256 0.20
256                     0.30
000: 512 0.44
001: 512 0.24
512                     0.34
000: 1024 0.48
001: 1024 0.28
1024                    0.38
000: 2048 0.59
001: 2048 0.39
2048                    0.49
000: 4096 0.81
001: 4096 0.61
4096                    0.71
000: 8192 1.25
001: 8192 1.04
8192                    1.14
000: 16384 2.12
001: 16384 1.92
16384                   2.02
000: 32768 3.91
001: 32768 3.71
32768                   3.81
000: 65536 5.49
001: 65536 5.33
65536                   5.41
000: 131072 8.46
001: 131072 8.30
131072                  8.38
000: 262144 13.95
001: 262144 13.77
262144                 13.86
000: 524288 25.49
001: 524288 25.31
524288                 25.40
000: 1048576 69.78
001: 1048576 69.60
1048576                69.69

# OSU MPI_Bcast (data-varying) v7.0
# Size       Avg Latency(us)
000: 1 0.35
001: 1 0.15
1                       0.25
000: 2 0.36
001: 2 0.15
2                       0.26
000: 4 0.35
001: 4 0.15
4                       0.25
000: 8 0.35
001: 8 0.15
8                       0.25
000: 16 0.35
001: 16 0.16
16                      0.26
000: 32 0.36
001: 32 0.16
32                      0.26
000: 64 0.36
001: 64 0.16
64                      0.26
000: 128 0.39
001: 128 0.19
128                     0.29
000: 256 0.41
001: 256 0.21
256                     0.31
000: 512 0.42
001: 512 0.21
512                     0.31
000: 1024 0.49
001: 1024 0.29
1024                    0.39
000: 2048 0.61
001: 2048 0.40
2048                    0.51
000: 4096 0.82
001: 4096 0.61
4096                    0.71
000: 8192 1.25
001: 8192 1.04
8192                    1.15
000: 16384 2.12
001: 16384 1.92
16384                   2.02
000: 32768 3.85
001: 32768 3.64
32768                   3.75
000: 65536 5.46
001: 65536 5.29
65536                   5.37
000: 131072 8.43
001: 131072 8.28
131072                  8.35
000: 262144 13.95
001: 262144 13.79
262144                 13.87
000: 524288 25.08
001: 524288 24.91
524288                 25.00
000: 1048576 70.91
001: 1048576 70.67
1048576                70.79

# OSU MPI_Bcast (data-varying) v7.0
# Size       Avg Latency(us)
000: 1 0.38
001: 1 0.16
1                       0.27
000: 2 0.38
001: 2 0.16
2                       0.27
000: 4 0.38
001: 4 0.16
4                       0.27
000: 8 0.39
001: 8 0.16
8                       0.28
000: 16 0.40
001: 16 0.17
16                      0.28
000: 32 0.40
001: 32 0.17
32                      0.28
000: 64 0.40
001: 64 0.17
64                      0.28
000: 128 0.40
001: 128 0.17
128                     0.29
000: 256 0.42
001: 256 0.19
256                     0.31
000: 512 0.46
001: 512 0.24
512                     0.35
000: 1024 0.51
001: 1024 0.28
1024                    0.40
000: 2048 0.62
001: 2048 0.39
2048                    0.51
000: 4096 0.84
001: 4096 0.61
4096                    0.72
000: 8192 1.28
001: 8192 1.05
8192                    1.16
000: 16384 2.15
001: 16384 1.92
16384                   2.03
000: 32768 3.94
001: 32768 3.72
32768                   3.83
000: 65536 5.46
001: 65536 5.28
65536                   5.37
000: 131072 8.47
001: 131072 8.30
131072                  8.39
000: 262144 13.97
001: 262144 13.78
262144                 13.87
000: 524288 26.93
001: 524288 26.74
524288                 26.83
000: 1048576 70.30
001: 1048576 68.49
1048576                69.40

# OSU MPI_Bcast (data-varying) v7.0
# Size       Avg Latency(us)
000: 1 0.37
001: 1 0.15
1                       0.26
000: 2 0.37
001: 2 0.14
2                       0.26
000: 4 0.37
001: 4 0.15
4                       0.26
000: 8 0.38
001: 8 0.15
8                       0.26
000: 16 0.38
001: 16 0.15
16                      0.26
000: 32 0.39
001: 32 0.16
32                      0.27
000: 64 0.39
001: 64 0.16
64                      0.27
000: 128 0.40
001: 128 0.17
128                     0.28
000: 256 0.41
001: 256 0.18
256                     0.29
000: 512 0.47
001: 512 0.23
512                     0.35
000: 1024 0.51
001: 1024 0.28
1024                    0.40
000: 2048 0.62
001: 2048 0.39
2048                    0.51
000: 4096 0.84
001: 4096 0.61
4096                    0.73
000: 8192 1.28
001: 8192 1.05
8192                    1.17
000: 16384 2.16
001: 16384 1.92
16384                   2.04
000: 32768 3.86
001: 32768 3.64
32768                   3.75
000: 65536 5.42
001: 65536 5.24
65536                   5.33
000: 131072 8.38
001: 131072 8.20
131072                  8.29
000: 262144 13.85
001: 262144 13.67
262144                 13.76
000: 524288 25.06
001: 524288 24.87
524288                 24.96
000: 1048576 68.32
001: 1048576 68.09
1048576                68.21

# OSU MPI_Bcast (data-varying) v7.0
# Size       Avg Latency(us)
000: 1 0.34
001: 1 0.15
1                       0.25
000: 2 0.34
001: 2 0.15
2                       0.25
000: 4 0.35
001: 4 0.15
4                       0.25
000: 8 0.35
001: 8 0.15
8                       0.25
000: 16 0.36
001: 16 0.16
16                      0.26
000: 32 0.38
001: 32 0.18
32                      0.28
000: 64 0.37
001: 64 0.17
64                      0.27
000: 128 0.40
001: 128 0.20
128                     0.30
000: 256 0.40
001: 256 0.20
256                     0.30
000: 512 0.43
001: 512 0.22
512                     0.33
000: 1024 0.49
001: 1024 0.29
1024                    0.39
000: 2048 0.59
001: 2048 0.39
2048                    0.49
000: 4096 0.82
001: 4096 0.61
4096                    0.71
000: 8192 1.25
001: 8192 1.04
8192                    1.15
000: 16384 2.12
001: 16384 1.92
16384                   2.02
000: 32768 3.88
001: 32768 3.67
32768                   3.77
000: 65536 5.43
001: 65536 5.27
65536                   5.35
000: 131072 8.42
001: 131072 8.27
131072                  8.35
000: 262144 13.92
001: 262144 13.76
262144                 13.84
000: 524288 27.16
001: 524288 26.99
524288                 27.08
000: 1048576 70.95
001: 1048576 70.75
1048576                70.85
