
# OSU MPI_Bcast (data-varying) v7.0
# Size       Avg Latency(us)
root = 0
1                       0.50
2                       0.50
4                       0.52
8                       0.49
16                      0.48
32                      0.47
64                      0.47
128                     0.72
256                     0.94
512                     1.10
1024                    1.16
2048                    1.39
4096                    1.81
8192                    2.81
16384                   4.65
32768                   8.05
65536                  13.81
131072                 23.54
262144                 44.93
524288                 95.81
1048576               210.75

# OSU MPI_Bcast (data-varying) v7.0
# Size       Avg Latency(us)
root = 0
1                       0.57
2                       0.58
4                       0.55
8                       0.63
16                      0.64
32                      0.55
64                      0.58
128                     0.66
256                     1.01
512                     1.30
1024                    1.20
2048                    1.41
4096                    1.87
8192                    2.94
16384                   4.73
32768                   7.18
65536                  12.32
131072                 21.78
262144                 43.56
524288                 87.18
1048576               208.80

# OSU MPI_Bcast (data-varying) v7.0
# Size       Avg Latency(us)
root = 0
1                       0.48
2                       0.49
4                       0.50
8                       0.50
16                      0.46
32                      0.48
64                      0.51
128                     0.68
256                     0.98
512                     1.31
1024                    1.14
2048                    1.29
4096                    1.87
8192                    2.71
16384                   4.71
32768                   8.10
65536                  13.10
131072                 22.25
262144                 43.67
524288                 91.62
1048576               197.57

# OSU MPI_Bcast (data-varying) v7.0
# Size       Avg Latency(us)
root = 0
1                       0.42
2                       0.44
4                       0.50
8                       0.46
16                      0.44
32                      0.51
64                      0.54
128                     0.59
256                     0.99
512                     1.27
1024                    1.05
2048                    1.33
4096                    1.86
8192                    2.85
16384                   4.88
32768                   8.10
65536                  12.99
131072                 23.03
262144                 45.21
524288                 90.42
1048576               210.38

# OSU MPI_Bcast (data-varying) v7.0
# Size       Avg Latency(us)
root = 0
1                       0.54
2                       0.50
4                       0.49
8                       0.53
16                      0.58
32                      0.55
64                      0.56
128                     0.56
256                     1.01
512                     1.32
1024                    1.10
2048                    1.48
4096                    1.82
8192                    2.75
16384                   4.55
32768                   7.96
65536                  14.47
131072                 23.60
262144                 41.98
524288                 93.88
1048576               211.60

# OSU MPI_Bcast (data-varying) v7.0
# Size       Avg Latency(us)
root = 0
1                       0.48
2                       0.56
4                       0.44
8                       0.47
16                      0.45
32                      0.48
64                      0.48
128                     0.57
256                     1.00
512                     1.25
1024                    1.13
2048                    1.34
4096                    1.87
8192                    2.85
16384                   4.85
32768                   7.47
65536                  11.95
131072                 22.35
262144                 43.85
524288                 91.97
1048576               208.40

# OSU MPI_Bcast (data-varying) v7.0
# Size       Avg Latency(us)
root = 0
1                       0.54
2                       0.49
4                       0.56
8                       0.58
16                      0.54
32                      0.66
64                      0.63
128                     0.58
256                     1.02
512                     1.34
1024                    1.30
2048                    1.56
4096                    1.94
8192                    2.78
16384                   4.68
32768                   7.98
65536                  13.15
131072                 24.36
262144                 46.40
524288                 94.68
1048576               199.95

# OSU MPI_Bcast (data-varying) v7.0
# Size       Avg Latency(us)
root = 0
1                       0.52
2                       0.52
4                       0.57
8                       0.70
16                      0.57
32                      0.57
64                      0.60
128                     0.69
256                     1.02
512                     1.22
1024                    1.18
2048                    1.40
4096                    1.92
8192                    2.81
16384                   4.80
32768                   7.85
65536                  12.71
131072                 22.31
262144                 43.69
524288                 91.21
1048576               211.20

# OSU MPI_Bcast (data-varying) v7.0
# Size       Avg Latency(us)
root = 0
1                       0.49
2                       0.50
4                       0.48
8                       0.48
16                      0.50
32                      0.50
64                      0.52
128                     0.61
256                     0.94
512                     1.12
1024                    1.20
2048                    1.41
4096                    1.88
8192                    2.95
16384                   5.03
32768                   7.92
65536                  13.62
131072                 22.63
262144                 42.67
524288                 94.11
1048576               193.65

# OSU MPI_Bcast (data-varying) v7.0
# Size       Avg Latency(us)
root = 0
1                       0.66
2                       0.53
4                       0.51
8                       0.54
16                      0.51
32                      0.57
64                      0.58
128                     0.64
256                     1.00
512                     1.31
1024                    1.07
2048                    1.39
4096                    1.80
8192                    2.90
16384                   4.74
32768                   8.37
65536                  13.75
131072                 23.06
262144                 44.11
524288                 93.20
1048576               198.83

# OSU MPI_Bcast (data-varying) v7.0
# Size       Avg Latency(us)
root = 0
1                       0.55
2                       0.51
4                       0.47
8                       0.46
16                      0.44
32                      0.45
64                      0.47
128                     0.53
256                     0.97
512                     1.23
1024                    1.12
2048                    1.36
4096                    1.82
8192                    2.73
16384                   4.89
32768                   7.91
65536                  12.64
131072                 22.32
262144                 43.27
524288                 91.47
1048576               209.74

# OSU MPI_Bcast (data-varying) v7.0
# Size       Avg Latency(us)
root = 0
1                       0.53
2                       0.52
4                       0.56
8                       0.54
16                      0.57
32                      0.57
64                      0.55
128                     0.64
256                     0.95
512                     1.31
1024                    1.08
2048                    1.38
4096                    1.90
8192                    2.79
16384                   4.87
32768                   8.14
65536                  13.83
131072                 23.08
262144                 44.31
524288                 91.20
1048576               203.92

# OSU MPI_Bcast (data-varying) v7.0
# Size       Avg Latency(us)
root = 0
1                       0.50
2                       0.48
4                       0.54
8                       0.56
16                      0.52
32                      0.56
64                      0.76
128                     0.66
256                     0.99
512                     1.31
1024                    1.17
2048                    1.28
4096                    1.83
8192                    2.80
16384                   5.28
32768                   7.83
65536                  13.10
131072                 22.53
262144                 44.15
524288                 93.09
1048576               218.76

# OSU MPI_Bcast (data-varying) v7.0
# Size       Avg Latency(us)
root = 0
1                       0.48
2                       0.64
4                       0.58
8                       0.62
16                      0.61
32                      0.53
64                      0.47
128                     0.53
256                     1.00
512                     1.18
1024                    1.18
2048                    1.37
4096                    1.87
8192                    2.98
16384                   5.09
32768                   8.36
65536                  14.42
131072                 22.89
262144                 44.72
524288                 89.37
1048576               202.32

# OSU MPI_Bcast (data-varying) v7.0
# Size       Avg Latency(us)
root = 0
1                       0.48
2                       0.46
4                       0.51
8                       0.57
16                      0.65
32                      0.61
64                      0.51
128                     0.65
256                     0.98
512                     1.24
1024                    1.12
2048                    1.42
4096                    1.85
8192                    2.84
16384                   4.73
32768                   8.66
65536                  13.62
131072                 22.31
262144                 44.74
524288                 94.39
1048576               202.54

# OSU MPI_Bcast (data-varying) v7.0
# Size       Avg Latency(us)
root = 0
1                       0.50
2                       0.54
4                       0.55
8                       0.57
16                      0.51
32                      0.52
64                      0.50
128                     0.60
256                     1.01
512                     1.27
1024                    1.13
2048                    1.34
4096                    1.92
8192                    2.88
16384                   4.92
32768                   8.99
65536                  16.80
131072                 28.19
262144                 48.89
524288                 96.05
1048576               204.53

# OSU MPI_Bcast (data-varying) v7.0
# Size       Avg Latency(us)
root = 0
1                       0.49
2                       0.50
4                       0.46
8                       0.46
16                      0.44
32                      0.47
64                      0.49
128                     0.57
256                     0.98
512                     1.20
1024                    1.18
2048                    1.44
4096                    2.20
8192                    2.74
16384                   4.57
32768                   8.63
65536                  15.66
131072                 25.67
262144                 47.65
524288                 99.06
1048576               223.49

# OSU MPI_Bcast (data-varying) v7.0
# Size       Avg Latency(us)
root = 0
1                       0.57
2                       0.48
4                       0.58
8                       0.56
16                      0.55
32                      0.56
64                      0.52
128                     0.65
256                     0.96
512                     1.29
1024                    1.09
2048                    1.32
4096                    1.88
8192                    2.72
16384                   4.62
32768                   8.08
65536                  12.78
131072                 22.50
262144                 44.56
524288                 91.68
1048576               224.19

# OSU MPI_Bcast (data-varying) v7.0
# Size       Avg Latency(us)
root = 0
1                       0.57
2                       0.61
4                       0.61
8                       0.57
16                      0.56
32                      0.61
64                      0.59
128                     0.68
256                     1.01
512                     1.26
1024                    1.10
2048                    1.27
4096                    1.75
8192                    2.83
16384                   4.80
32768                   8.01
65536                  13.01
131072                 23.25
262144                 46.00
524288                 92.62
1048576               219.43

# OSU MPI_Bcast (data-varying) v7.0
# Size       Avg Latency(us)
root = 0
1                       0.51
2                       0.49
4                       0.59
8                       0.67
16                      0.50
32                      0.52
64                      0.54
128                     0.60
256                     1.04
512                     1.35
1024                    1.17
2048                    1.31
4096                    1.96
8192                    2.96
16384                   4.85
32768                   7.66
65536                  12.93
131072                 22.04
262144                 43.64
524288                 90.57
1048576               204.23

# OSU MPI_Bcast (data-varying) v7.0
# Size       Avg Latency(us)
root = 0
1                       0.56
2                       0.50
4                       0.51
8                       0.50
16                      0.52
32                      0.50
64                      0.52
128                     0.63
256                     0.97
512                     1.31
1024                    1.22
2048                    1.32
4096                    1.81
8192                    2.85
16384                   4.70
32768                   7.69
65536                  12.89
131072                 22.45
262144                 44.08
524288                 90.86
1048576               210.77

# OSU MPI_Bcast (data-varying) v7.0
# Size       Avg Latency(us)
root = 0
1                       0.52
2                       0.60
4                       0.59
8                       0.49
16                      0.50
32                      0.66
64                      0.48
128                     0.55
256                     0.99
512                     1.30
1024                    1.05
2048                    1.35
4096                    1.88
8192                    2.83
16384                   4.57
32768                   8.03
65536                  13.17
131072                 22.59
262144                 43.53
524288                 90.94
1048576               213.64

# OSU MPI_Bcast (data-varying) v7.0
# Size       Avg Latency(us)
root = 0
1                       0.55
2                       0.52
4                       0.48
8                       0.53
16                      0.48
32                      0.48
64                      0.49
128                     0.65
256                     1.13
512                     1.31
1024                    1.19
2048                    1.47
4096                    1.77
8192                    2.82
16384                   4.72
32768                   7.37
65536                  12.41
131072                 22.28
262144                 44.09
524288                 88.74
1048576               208.09

# OSU MPI_Bcast (data-varying) v7.0
# Size       Avg Latency(us)
root = 0
1                       0.49
2                       0.47
4                       0.51
8                       0.49
16                      0.50
32                      0.50
64                      0.53
128                     0.60
256                     1.02
512                     1.38
1024                    1.11
2048                    1.48
4096                    1.75
8192                    2.70
16384                   4.43
32768                   8.07
65536                  14.28
131072                 26.00
262144                 46.58
524288                 94.37
1048576               205.86

# OSU MPI_Bcast (data-varying) v7.0
# Size       Avg Latency(us)
root = 0
1                       0.51
2                       0.51
4                       0.62
8                       0.47
16                      0.66
32                      0.58
64                      0.57
128                     0.62
256                     1.03
512                     1.22
1024                    1.10
2048                    1.35
4096                    1.92
8192                    2.76
16384                   4.65
32768                   8.12
65536                  13.97
131072                 24.99
262144                 45.05
524288                 91.46
1048576               199.57

# OSU MPI_Bcast (data-varying) v7.0
# Size       Avg Latency(us)
root = 0
1                       0.51
2                       0.56
4                       0.51
8                       0.58
16                      0.58
32                      0.51
64                      0.52
128                     0.59
256                     1.02
512                     1.27
1024                    1.08
2048                    1.32
4096                    1.84
8192                    2.82
16384                   4.82
32768                   7.58
65536                  12.91
131072                 22.47
262144                 43.47
524288                 89.83
1048576               211.67

# OSU MPI_Bcast (data-varying) v7.0
# Size       Avg Latency(us)
root = 0
1                       0.47
2                       0.48
4                       0.46
8                       0.47
16                      0.52
32                      0.76
64                      0.77
128                     0.56
256                     0.96
512                     1.26
1024                    1.11
2048                    1.41
4096                    1.84
8192                    2.81
16384                   4.76
32768                   7.58
65536                  13.58
131072                 22.42
262144                 46.17
524288                 96.57
1048576               217.22

# OSU MPI_Bcast (data-varying) v7.0
# Size       Avg Latency(us)
root = 0
1                       0.53
2                       0.65
4                       0.64
8                       0.61
16                      0.66
32                      0.54
64                      0.59
128                     0.68
256                     1.01
512                     1.30
1024                    1.09
2048                    1.40
4096                    1.80
8192                    2.80
16384                   4.58
32768                   7.51
65536                  12.01
131072                 21.82
262144                 43.73
524288                 91.89
1048576               222.50

# OSU MPI_Bcast (data-varying) v7.0
# Size       Avg Latency(us)
root = 0
1                       0.52
2                       0.62
4                       0.57
8                       0.49
16                      0.51
32                      0.53
64                      0.48
128                     0.56
256                     0.98
512                     1.23
1024                    1.12
2048                    1.35
4096                    1.92
8192                    2.96
16384                   4.73
32768                   7.56
65536                  12.01
131072                 21.57
262144                 42.32
524288                 90.22
1048576               209.41

# OSU MPI_Bcast (data-varying) v7.0
# Size       Avg Latency(us)
root = 0
1                       0.49
2                       0.54
4                       0.55
8                       0.71
16                      0.54
32                      0.54
64                      0.56
128                     0.58
256                     1.03
512                     1.31
1024                    1.11
2048                    1.44
4096                    1.80
8192                    2.79
16384                   4.57
32768                   7.72
65536                  13.91
131072                 24.39
262144                 47.29
524288                 93.93
1048576               206.44
