
# OSU MPI_Bcast (data-varying) v7.0
# Size       Avg Latency(us)
root = 0
1                       0.65
2                       0.65
4                       0.68
8                       0.70
16                      0.69
32                      0.64
64                      0.65
128                     0.70
256                     0.78
512                     1.22
1024                    1.47
2048                    1.79
4096                    2.49
8192                    4.33
16384                   6.93
32768                  11.31
65536                  20.94
131072                 41.24
262144                 77.02
524288                154.96
1048576               361.79

# OSU MPI_Bcast (data-varying) v7.0
# Size       Avg Latency(us)
root = 0
1                       0.62
2                       0.65
4                       0.63
8                       0.65
16                      0.65
32                      0.66
64                      0.68
128                     0.82
256                     0.94
512                     1.01
1024                    1.41
2048                    1.82
4096                    2.62
8192                    4.37
16384                   6.73
32768                  11.31
65536                  20.97
131072                 39.34
262144                 74.41
524288                150.45
1048576               355.56

# OSU MPI_Bcast (data-varying) v7.0
# Size       Avg Latency(us)
root = 0
1                       0.69
2                       0.79
4                       0.73
8                       0.73
16                      0.73
32                      0.63
64                      0.60
128                     0.72
256                     0.80
512                     1.03
1024                    1.31
2048                    1.84
4096                    2.35
8192                    4.05
16384                   6.74
32768                  11.23
65536                  20.55
131072                 39.79
262144                 76.75
524288                153.74
1048576               369.58

# OSU MPI_Bcast (data-varying) v7.0
# Size       Avg Latency(us)
root = 0
1                       0.74
2                       0.65
4                       0.67
8                       0.70
16                      0.73
32                      0.70
64                      0.68
128                     0.85
256                     0.84
512                     1.13
1024                    1.40
2048                    1.84
4096                    2.33
8192                    4.17
16384                   6.71
32768                  11.14
65536                  20.76
131072                 38.73
262144                 75.16
524288                156.45
1048576               336.73

# OSU MPI_Bcast (data-varying) v7.0
# Size       Avg Latency(us)
root = 0
1                       0.78
2                       0.71
4                       0.69
8                       0.68
16                      0.68
32                      0.62
64                      0.60
128                     0.77
256                     0.89
512                     0.99
1024                    1.26
2048                    1.77
4096                    2.28
8192                    4.00
16384                   6.62
32768                  11.19
65536                  20.76
131072                 39.50
262144                 78.63
524288                160.03
1048576               346.46

# OSU MPI_Bcast (data-varying) v7.0
# Size       Avg Latency(us)
root = 0
1                       0.70
2                       0.61
4                       0.68
8                       0.63
16                      0.61
32                      0.65
64                      0.61
128                     0.82
256                     0.82
512                     0.96
1024                    1.17
2048                    1.74
4096                    2.50
8192                    4.23
16384                   6.50
32768                  11.31
65536                  20.66
131072                 40.47
262144                 82.78
524288                160.16
1048576               352.45

# OSU MPI_Bcast (data-varying) v7.0
# Size       Avg Latency(us)
root = 0
1                       0.79
2                       0.79
4                       0.79
8                       0.77
16                      0.76
32                      0.63
64                      0.65
128                     0.69
256                     0.72
512                     1.08
1024                    1.42
2048                    1.92
4096                    2.42
8192                    4.17
16384                   6.67
32768                  11.47
65536                  20.54
131072                 38.98
262144                 75.04
524288                150.83
1048576               346.46

# OSU MPI_Bcast (data-varying) v7.0
# Size       Avg Latency(us)
root = 0
1                       0.85
2                       0.78
4                       0.72
8                       0.79
16                      0.76
32                      0.69
64                      0.66
128                     0.90
256                     0.83
512                     1.13
1024                    1.39
2048                    1.75
4096                    2.33
8192                    3.94
16384                   6.41
32768                  11.12
65536                  20.25
131072                 38.97
262144                 75.33
524288                150.85
1048576               331.10

# OSU MPI_Bcast (data-varying) v7.0
# Size       Avg Latency(us)
root = 0
1                       0.72
2                       0.67
4                       0.66
8                       0.69
16                      0.68
32                      0.68
64                      0.68
128                     0.87
256                     0.85
512                     1.08
1024                    1.32
2048                    1.81
4096                    2.38
8192                    4.34
16384                   6.67
32768                  11.11
65536                  20.36
131072                 40.53
262144                 80.51
524288                159.95
1048576               342.98

# OSU MPI_Bcast (data-varying) v7.0
# Size       Avg Latency(us)
root = 0
1                       0.75
2                       0.69
4                       0.71
8                       0.66
16                      0.78
32                      0.65
64                      0.64
128                     0.90
256                     0.90
512                     1.17
1024                    1.54
2048                    1.99
4096                    2.62
8192                    4.15
16384                   6.31
32768                  10.98
65536                  20.77
131072                 38.78
262144                 74.33
524288                151.82
1048576               345.00

# OSU MPI_Bcast (data-varying) v7.0
# Size       Avg Latency(us)
root = 0
1                       0.61
2                       0.70
4                       0.67
8                       0.69
16                      0.73
32                      0.65
64                      0.63
128                     0.81
256                     0.95
512                     1.14
1024                    1.43
2048                    1.82
4096                    2.54
8192                    4.43
16384                   6.90
32768                  11.29
65536                  20.18
131072                 38.64
262144                 74.96
524288                149.99
1048576               344.15

# OSU MPI_Bcast (data-varying) v7.0
# Size       Avg Latency(us)
root = 0
1                       0.60
2                       0.70
4                       0.63
8                       0.65
16                      0.67
32                      0.63
64                      0.64
128                     0.79
256                     0.86
512                     1.02
1024                    1.49
2048                    1.78
4096                    2.52
8192                    3.97
16384                   6.51
32768                  11.11
65536                  20.83
131072                 40.30
262144                 77.79
524288                154.43
1048576               346.36

# OSU MPI_Bcast (data-varying) v7.0
# Size       Avg Latency(us)
root = 0
1                       0.60
2                       0.60
4                       0.60
8                       0.59
16                      0.60
32                      0.64
64                      0.65
128                     0.78
256                     0.85
512                     1.05
1024                    1.41
2048                    1.86
4096                    2.48
8192                    4.61
16384                   7.01
32768                  11.74
65536                  20.66
131072                 40.09
262144                 77.91
524288                157.58
1048576               363.24

# OSU MPI_Bcast (data-varying) v7.0
# Size       Avg Latency(us)
root = 0
1                       0.60
2                       0.64
4                       0.63
8                       0.63
16                      0.63
32                      0.67
64                      0.64
128                     0.77
256                     0.83
512                     0.93
1024                    1.53
2048                    1.81
4096                    2.34
8192                    4.35
16384                   6.66
32768                  11.25
65536                  20.54
131072                 39.31
262144                 74.05
524288                154.00
1048576               344.19

# OSU MPI_Bcast (data-varying) v7.0
# Size       Avg Latency(us)
root = 0
1                       0.69
2                       0.77
4                       0.74
8                       0.71
16                      0.67
32                      0.72
64                      0.73
128                     0.87
256                     0.96
512                     1.20
1024                    1.54
2048                    1.84
4096                    2.62
8192                    4.32
16384                   6.81
32768                  11.64
65536                  20.25
131072                 38.38
262144                 72.91
524288                152.81
1048576               344.00

# OSU MPI_Bcast (data-varying) v7.0
# Size       Avg Latency(us)
root = 0
1                       0.74
2                       0.67
4                       0.71
8                       0.66
16                      0.71
32                      0.60
64                      0.66
128                     0.79
256                     0.77
512                     0.94
1024                    1.38
2048                    1.84
4096                    2.50
8192                    4.17
16384                   6.71
32768                  11.17
65536                  20.63
131072                 38.59
262144                 74.77
524288                152.27
1048576               345.24

# OSU MPI_Bcast (data-varying) v7.0
# Size       Avg Latency(us)
root = 0
1                       0.71
2                       0.59
4                       0.60
8                       0.66
16                      0.68
32                      0.67
64                      0.62
128                     0.82
256                     0.79
512                     1.05
1024                    1.33
2048                    1.89
4096                    2.35
8192                    4.03
16384                   6.68
32768                  11.62
65536                  20.69
131072                 41.19
262144                 84.63
524288                160.71
1048576               347.12

# OSU MPI_Bcast (data-varying) v7.0
# Size       Avg Latency(us)
root = 0
1                       0.83
2                       0.83
4                       0.90
8                       0.69
16                      0.67
32                      0.72
64                      0.79
128                     0.83
256                     0.86
512                     1.06
1024                    1.56
2048                    1.72
4096                    2.29
8192                    4.17
16384                   6.49
32768                  11.49
65536                  20.64
131072                 39.90
262144                 75.08
524288                148.31
1048576               357.89

# OSU MPI_Bcast (data-varying) v7.0
# Size       Avg Latency(us)
root = 0
1                       0.68
2                       0.62
4                       0.62
8                       0.62
16                      0.62
32                      0.63
64                      0.66
128                     0.67
256                     0.73
512                     1.03
1024                    1.38
2048                    1.95
4096                    2.42
8192                    3.90
16384                   6.59
32768                  11.14
65536                  20.60
131072                 38.66
262144                 74.55
524288                153.08
1048576               355.39

# OSU MPI_Bcast (data-varying) v7.0
# Size       Avg Latency(us)
root = 0
1                       0.80
2                       0.74
4                       0.81
8                       0.75
16                      0.80
32                      0.66
64                      0.67
128                     0.99
256                     0.90
512                     1.04
1024                    1.37
2048                    1.60
4096                    2.47
8192                    4.31
16384                   6.74
32768                  11.57
65536                  20.59
131072                 40.20
262144                 80.29
524288                156.69
1048576               334.49

# OSU MPI_Bcast (data-varying) v7.0
# Size       Avg Latency(us)
root = 0
1                       0.59
2                       0.60
4                       0.62
8                       0.62
16                      0.61
32                      0.66
64                      0.66
128                     0.92
256                     0.91
512                     1.28
1024                    1.38
2048                    1.78
4096                    2.43
8192                    4.39
16384                   6.81
32768                  11.76
65536                  20.29
131072                 38.54
262144                 72.55
524288                152.18
1048576               372.56

# OSU MPI_Bcast (data-varying) v7.0
# Size       Avg Latency(us)
root = 0
1                       0.67
2                       0.66
4                       0.80
8                       0.68
16                      0.75
32                      0.66
64                      0.69
128                     0.91
256                     0.87
512                     1.20
1024                    1.49
2048                    1.97
4096                    2.38
8192                    3.95
16384                   6.31
32768                  11.07
65536                  20.31
131072                 39.17
262144                 74.92
524288                154.15
1048576               346.80

# OSU MPI_Bcast (data-varying) v7.0
# Size       Avg Latency(us)
root = 0
1                       0.66
2                       0.70
4                       0.69
8                       0.72
16                      0.69
32                      0.70
64                      0.69
128                     0.80
256                     0.85
512                     1.25
1024                    1.41
2048                    1.80
4096                    2.66
8192                    4.27
16384                   6.97
32768                  11.35
65536                  20.72
131072                 38.58
262144                 75.59
524288                152.75
1048576               368.50

# OSU MPI_Bcast (data-varying) v7.0
# Size       Avg Latency(us)
root = 0
1                       0.69
2                       0.70
4                       0.68
8                       0.68
16                      0.67
32                      0.60
64                      0.59
128                     0.75
256                     0.82
512                     1.04
1024                    1.31
2048                    1.73
4096                    2.42
8192                    3.90
16384                   6.38
32768                  11.14
65536                  21.23
131072                 41.32
262144                 77.97
524288                153.39
1048576               343.74

# OSU MPI_Bcast (data-varying) v7.0
# Size       Avg Latency(us)
root = 0
1                       0.85
2                       0.79
4                       0.77
8                       0.78
16                      0.74
32                      0.68
64                      0.65
128                     0.90
256                     0.93
512                     1.36
1024                    1.50
2048                    1.82
4096                    2.53
8192                    4.07
16384                   6.33
32768                  11.47
65536                  20.84
131072                 39.51
262144                 74.25
524288                152.31
1048576               357.20

# OSU MPI_Bcast (data-varying) v7.0
# Size       Avg Latency(us)
root = 0
1                       0.69
2                       0.62
4                       0.61
8                       0.63
16                      0.63
32                      0.66
64                      0.66
128                     0.97
256                     0.92
512                     1.10
1024                    1.39
2048                    1.86
4096                    2.38
8192                    4.00
16384                   6.49
32768                  11.23
65536                  20.27
131072                 40.94
262144                 83.55
524288                158.73
1048576               353.51

# OSU MPI_Bcast (data-varying) v7.0
# Size       Avg Latency(us)
root = 0
1                       0.56
2                       0.57
4                       0.59
8                       0.57
16                      0.57
32                      0.60
64                      0.63
128                     0.78
256                     0.80
512                     0.93
1024                    1.37
2048                    1.80
4096                    2.37
8192                    3.95
16384                   6.40
32768                  11.14
65536                  20.64
131072                 39.34
262144                 78.28
524288                153.03
1048576               350.64

# OSU MPI_Bcast (data-varying) v7.0
# Size       Avg Latency(us)
root = 0
1                       0.90
2                       0.75
4                       0.72
8                       0.70
16                      0.76
32                      0.66
64                      0.63
128                     0.73
256                     0.81
512                     0.96
1024                    1.34
2048                    1.96
4096                    2.67
8192                    3.98
16384                   6.31
32768                  11.02
65536                  20.31
131072                 38.12
262144                 73.92
524288                152.37
1048576               346.02

# OSU MPI_Bcast (data-varying) v7.0
# Size       Avg Latency(us)
root = 0
1                       0.74
2                       0.74
4                       0.77
8                       0.74
16                      0.73
32                      0.68
64                      0.64
128                     0.79
256                     0.94
512                     0.98
1024                    1.58
2048                    1.80
4096                    2.67
8192                    4.02
16384                   6.51
32768                  11.41
65536                  21.07
131072                 40.23
262144                 81.57
524288                162.09
1048576               354.33

# OSU MPI_Bcast (data-varying) v7.0
# Size       Avg Latency(us)
root = 0
1                       0.64
2                       0.68
4                       0.72
8                       0.66
16                      0.69
32                      0.66
64                      0.65
128                     0.98
256                     0.98
512                     1.16
1024                    1.43
2048                    1.65
4096                    2.56
8192                    4.09
16384                   6.48
32768                  11.65
65536                  20.51
131072                 38.18
262144                 71.65
524288                150.80
1048576               345.97
