
# OSU MPI_Bcast (data-varying) v7.0
# Size       Avg Latency(us)
root = 0
1                       0.34
2                       0.44
4                       0.33
8                       0.33
16                      0.47
32                      0.51
64                      0.38
128                     0.56
256                     0.90
512                     1.03
1024                    1.05
2048                    1.26
4096                    1.51
8192                    2.27
16384                   3.87
32768                   7.15
65536                  12.89
131072                 24.74
262144                 49.34
524288                 95.03
1048576               191.11

# OSU MPI_Bcast (data-varying) v7.0
# Size       Avg Latency(us)
root = 0
1                       0.37
2                       0.52
4                       0.40
8                       0.38
16                      0.48
32                      0.42
64                      0.59
128                     0.54
256                     0.71
512                     1.05
1024                    1.07
2048                    1.16
4096                    1.40
8192                    2.38
16384                   3.97
32768                   7.13
65536                  13.18
131072                 25.41
262144                 49.69
524288                 99.63
1048576               186.00

# OSU MPI_Bcast (data-varying) v7.0
# Size       Avg Latency(us)
root = 0
1                       0.37
2                       0.39
4                       0.37
8                       0.38
16                      0.39
32                      0.54
64                      0.53
128                     0.61
256                     0.74
512                     1.04
1024                    1.05
2048                    1.09
4096                    1.39
8192                    2.02
16384                   3.51
32768                   6.90
65536                  12.62
131072                 24.17
262144                 47.32
524288                 96.32
1048576               192.33

# OSU MPI_Bcast (data-varying) v7.0
# Size       Avg Latency(us)
root = 0
1                       0.40
2                       0.47
4                       0.41
8                       0.39
16                      0.39
32                      0.42
64                      0.40
128                     0.60
256                     0.73
512                     1.00
1024                    1.00
2048                    1.17
4096                    1.48
8192                    2.31
16384                   3.86
32768                   6.99
65536                  13.02
131072                 25.47
262144                 49.61
524288                 98.81
1048576               191.49

# OSU MPI_Bcast (data-varying) v7.0
# Size       Avg Latency(us)
root = 0
1                       0.35
2                       0.50
4                       0.34
8                       0.38
16                      0.36
32                      0.43
64                      0.41
128                     0.56
256                     0.70
512                     0.95
1024                    0.93
2048                    1.11
4096                    1.37
8192                    2.10
16384                   3.78
32768                   6.70
65536                  12.35
131072                 23.74
262144                 47.48
524288                 93.93
1048576               181.86

# OSU MPI_Bcast (data-varying) v7.0
# Size       Avg Latency(us)
root = 0
1                       0.42
2                       0.48
4                       0.39
8                       0.37
16                      0.39
32                      0.44
64                      0.44
128                     0.54
256                     0.67
512                     1.03
1024                    0.95
2048                    1.14
4096                    1.44
8192                    2.15
16384                   3.51
32768                   6.73
65536                  12.32
131072                 23.80
262144                 47.54
524288                 94.70
1048576               180.71

# OSU MPI_Bcast (data-varying) v7.0
# Size       Avg Latency(us)
root = 0
1                       0.34
2                       0.45
4                       0.34
8                       0.35
16                      0.49
32                      0.50
64                      0.38
128                     0.55
256                     0.67
512                     0.93
1024                    0.97
2048                    1.15
4096                    1.46
8192                    2.19
16384                   3.83
32768                   6.84
65536                  12.86
131072                 24.62
262144                 47.92
524288                 94.37
1048576               182.40

# OSU MPI_Bcast (data-varying) v7.0
# Size       Avg Latency(us)
root = 0
1                       0.36
2                       0.47
4                       0.36
8                       0.36
16                      0.40
32                      0.42
64                      0.42
128                     0.56
256                     0.85
512                     0.99
1024                    0.90
2048                    1.12
4096                    1.41
8192                    2.11
16384                   3.54
32768                   6.77
65536                  12.41
131072                 23.94
262144                 47.73
524288                 93.49
1048576               179.17

# OSU MPI_Bcast (data-varying) v7.0
# Size       Avg Latency(us)
root = 0
1                       0.35
2                       0.47
4                       0.34
8                       0.41
16                      0.63
32                      0.41
64                      0.54
128                     0.55
256                     0.77
512                     0.92
1024                    0.94
2048                    1.15
4096                    1.44
8192                    2.15
16384                   3.51
32768                   6.60
65536                  12.17
131072                 24.36
262144                 46.94
524288                 93.06
1048576               179.63

# OSU MPI_Bcast (data-varying) v7.0
# Size       Avg Latency(us)
root = 0
1                       0.46
2                       0.52
4                       0.40
8                       0.46
16                      0.47
32                      0.41
64                      0.42
128                     0.58
256                     0.85
512                     0.93
1024                    0.93
2048                    1.17
4096                    1.42
8192                    2.19
16384                   3.52
32768                   6.55
65536                  12.00
131072                 23.46
262144                 47.29
524288                 92.76
1048576               181.68

# OSU MPI_Bcast (data-varying) v7.0
# Size       Avg Latency(us)
root = 0
1                       0.39
2                       0.55
4                       0.38
8                       0.42
16                      0.53
32                      0.42
64                      0.42
128                     0.55
256                     0.72
512                     1.02
1024                    0.94
2048                    1.18
4096                    1.48
8192                    2.17
16384                   3.58
32768                   6.72
65536                  12.60
131072                 24.02
262144                 48.20
524288                 93.77
1048576               184.35

# OSU MPI_Bcast (data-varying) v7.0
# Size       Avg Latency(us)
root = 0
1                       0.36
2                       0.47
4                       0.36
8                       0.41
16                      0.41
32                      0.41
64                      0.39
128                     0.51
256                     0.77
512                     1.10
1024                    0.92
2048                    1.10
4096                    1.41
8192                    2.18
16384                   3.57
32768                   6.72
65536                  12.54
131072                 24.89
262144                 47.96
524288                 94.55
1048576               180.41

# OSU MPI_Bcast (data-varying) v7.0
# Size       Avg Latency(us)
root = 0
1                       0.37
2                       0.46
4                       0.37
8                       0.37
16                      0.44
32                      0.40
64                      0.41
128                     0.55
256                     0.88
512                     0.98
1024                    0.94
2048                    1.11
4096                    1.37
8192                    2.11
16384                   3.56
32768                   6.83
65536                  12.46
131072                 24.24
262144                 46.88
524288                 92.75
1048576               178.13

# OSU MPI_Bcast (data-varying) v7.0
# Size       Avg Latency(us)
root = 0
1                       0.38
2                       0.51
4                       0.60
8                       0.40
16                      0.39
32                      0.42
64                      0.41
128                     0.59
256                     0.76
512                     1.03
1024                    0.90
2048                    1.19
4096                    1.48
8192                    2.34
16384                   3.81
32768                   7.01
65536                  13.04
131072                 25.11
262144                 49.15
524288                 99.87
1048576               189.49

# OSU MPI_Bcast (data-varying) v7.0
# Size       Avg Latency(us)
root = 0
1                       0.38
2                       0.46
4                       0.37
8                       0.38
16                      0.41
32                      0.53
64                      0.38
128                     0.59
256                     0.74
512                     0.94
1024                    0.91
2048                    1.17
4096                    1.44
8192                    2.18
16384                   3.74
32768                   6.58
65536                  12.35
131072                 23.73
262144                 47.32
524288                 93.21
1048576               178.83

# OSU MPI_Bcast (data-varying) v7.0
# Size       Avg Latency(us)
root = 0
1                       0.34
2                       0.42
4                       0.39
8                       0.34
16                      0.34
32                      0.36
64                      0.36
128                     0.57
256                     0.90
512                     1.04
1024                    1.04
2048                    1.16
4096                    1.54
8192                    2.29
16384                   3.72
32768                   6.91
65536                  12.92
131072                 24.93
262144                 48.82
524288                 97.05
1048576               184.37

# OSU MPI_Bcast (data-varying) v7.0
# Size       Avg Latency(us)
root = 0
1                       0.36
2                       0.45
4                       0.40
8                       0.33
16                      0.35
32                      0.40
64                      0.38
128                     0.53
256                     0.73
512                     1.03
1024                    0.92
2048                    1.12
4096                    1.42
8192                    2.19
16384                   3.47
32768                   6.70
65536                  12.28
131072                 23.98
262144                 47.33
524288                 92.59
1048576               180.97

# OSU MPI_Bcast (data-varying) v7.0
# Size       Avg Latency(us)
root = 0
1                       0.35
2                       0.46
4                       0.37
8                       0.52
16                      0.37
32                      0.44
64                      0.47
128                     0.54
256                     0.85
512                     1.02
1024                    0.99
2048                    1.23
4096                    1.56
8192                    2.26
16384                   3.73
32768                   7.07
65536                  13.04
131072                 24.84
262144                 48.10
524288                 96.41
1048576               184.36

# OSU MPI_Bcast (data-varying) v7.0
# Size       Avg Latency(us)
root = 0
1                       0.39
2                       0.50
4                       0.39
8                       0.42
16                      0.41
32                      0.52
64                      0.40
128                     0.57
256                     0.80
512                     0.98
1024                    0.93
2048                    1.17
4096                    1.44
8192                    2.14
16384                   3.66
32768                   6.63
65536                  12.34
131072                 24.34
262144                 46.89
524288                 97.73
1048576               190.94

# OSU MPI_Bcast (data-varying) v7.0
# Size       Avg Latency(us)
root = 0
1                       0.40
2                       0.51
4                       0.41
8                       0.44
16                      0.42
32                      0.44
64                      0.47
128                     0.57
256                     0.77
512                     1.02
1024                    0.95
2048                    1.16
4096                    1.39
8192                    2.15
16384                   3.50
32768                   6.66
65536                  12.42
131072                 24.66
262144                 48.31
524288                 92.24
1048576               174.43

# OSU MPI_Bcast (data-varying) v7.0
# Size       Avg Latency(us)
root = 0
1                       0.36
2                       0.47
4                       0.38
8                       0.39
16                      0.38
32                      0.41
64                      0.40
128                     0.58
256                     0.70
512                     0.95
1024                    0.92
2048                    1.10
4096                    1.50
8192                    2.13
16384                   3.68
32768                   6.73
65536                  12.23
131072                 24.41
262144                 47.34
524288                 93.92
1048576               182.67

# OSU MPI_Bcast (data-varying) v7.0
# Size       Avg Latency(us)
root = 0
1                       0.47
2                       0.47
4                       0.33
8                       0.34
16                      0.41
32                      0.36
64                      0.36
128                     0.58
256                     0.67
512                     0.97
1024                    0.98
2048                    1.16
4096                    1.49
8192                    2.19
16384                   3.56
32768                   6.79
65536                  12.56
131072                 24.21
262144                 47.31
524288                 93.60
1048576               176.65

# OSU MPI_Bcast (data-varying) v7.0
# Size       Avg Latency(us)
root = 0
1                       0.38
2                       0.44
4                       0.47
8                       0.37
16                      0.36
32                      0.41
64                      0.39
128                     0.56
256                     0.86
512                     0.94
1024                    0.98
2048                    1.23
4096                    1.49
8192                    2.12
16384                   3.49
32768                   6.16
65536                  11.42
131072                 21.51
262144                 43.87
524288                 88.61
1048576               175.73

# OSU MPI_Bcast (data-varying) v7.0
# Size       Avg Latency(us)
root = 0
1                       0.41
2                       0.50
4                       0.48
8                       0.46
16                      0.43
32                      0.44
64                      0.43
128                     0.60
256                     0.71
512                     0.89
1024                    0.95
2048                    1.14
4096                    1.42
8192                    2.07
16384                   3.57
32768                   6.73
65536                  12.55
131072                 24.22
262144                 47.44
524288                 94.80
1048576               179.36

# OSU MPI_Bcast (data-varying) v7.0
# Size       Avg Latency(us)
root = 0
1                       0.39
2                       0.49
4                       0.41
8                       0.39
16                      0.41
32                      0.40
64                      0.40
128                     0.65
256                     0.68
512                     0.98
1024                    0.95
2048                    1.14
4096                    1.60
8192                    2.20
16384                   3.69
32768                   6.88
65536                  13.03
131072                 25.22
262144                 49.52
524288                 97.84
1048576               187.16

# OSU MPI_Bcast (data-varying) v7.0
# Size       Avg Latency(us)
root = 0
1                       0.36
2                       0.49
4                       0.36
8                       0.40
16                      0.43
32                      0.45
64                      0.41
128                     0.59
256                     0.70
512                     1.08
1024                    1.04
2048                    1.12
4096                    1.41
8192                    2.12
16384                   3.46
32768                   6.87
65536                  12.53
131072                 24.33
262144                 47.63
524288                 93.52
1048576               176.70

# OSU MPI_Bcast (data-varying) v7.0
# Size       Avg Latency(us)
root = 0
1                       0.37
2                       0.43
4                       0.40
8                       0.37
16                      0.37
32                      0.43
64                      0.39
128                     0.56
256                     0.77
512                     0.94
1024                    0.90
2048                    1.07
4096                    1.40
8192                    2.11
16384                   3.70
32768                   6.66
65536                  12.43
131072                 24.16
262144                 48.97
524288                 98.79
1048576               189.30

# OSU MPI_Bcast (data-varying) v7.0
# Size       Avg Latency(us)
root = 0
1                       0.42
2                       0.46
4                       0.38
8                       0.44
16                      0.43
32                      0.39
64                      0.46
128                     0.56
256                     0.85
512                     0.99
1024                    0.95
2048                    1.21
4096                    1.46
8192                    2.22
16384                   3.60
32768                   7.03
65536                  12.56
131072                 24.73
262144                 47.94
524288                 95.34
1048576               184.35

# OSU MPI_Bcast (data-varying) v7.0
# Size       Avg Latency(us)
root = 0
1                       0.37
2                       0.43
4                       0.37
8                       0.37
16                      0.37
32                      0.42
64                      0.41
128                     0.63
256                     0.80
512                     0.99
1024                    1.02
2048                    1.19
4096                    1.51
8192                    2.32
16384                   3.67
32768                   6.96
65536                  13.13
131072                 25.50
262144                 49.57
524288                 98.79
1048576               193.13

# OSU MPI_Bcast (data-varying) v7.0
# Size       Avg Latency(us)
root = 0
1                       0.31
2                       0.45
4                       0.30
8                       0.31
16                      0.36
32                      0.37
64                      0.50
128                     0.61
256                     0.65
512                     1.02
1024                    0.93
2048                    1.18
4096                    1.50
8192                    2.31
16384                   3.89
32768                   6.90
65536                  12.95
131072                 24.58
262144                 48.57
524288                 95.42
1048576               188.19
