
# OSU MPI_Bcast (data-varying) v7.0
# Size       Avg Latency(us)
root = 0
1                       0.66
2                       0.65
4                       0.66
8                       0.67
16                      0.64
32                      0.68
64                      0.69
128                     0.75
256                     0.73
512                     0.98
1024                    1.17
2048                    1.37
4096                    1.46
8192                    2.01
16384                   3.25
32768                   5.66
65536                  10.52
131072                 20.43
262144                 39.97
524288                 79.79
1048576               161.89

# OSU MPI_Bcast (data-varying) v7.0
# Size       Avg Latency(us)
root = 0
1                       0.61
2                       0.70
4                       0.63
8                       0.66
16                      0.64
32                      0.63
64                      0.62
128                     0.70
256                     0.69
512                     1.16
1024                    1.15
2048                    1.33
4096                    1.49
8192                    2.11
16384                   3.45
32768                   6.51
65536                  11.51
131072                 22.42
262144                 43.85
524288                 86.85
1048576               170.45

# OSU MPI_Bcast (data-varying) v7.0
# Size       Avg Latency(us)
root = 0
1                       0.64
2                       0.66
4                       0.64
8                       0.64
16                      0.66
32                      0.67
64                      0.67
128                     0.72
256                     0.74
512                     1.17
1024                    1.12
2048                    1.31
4096                    1.52
8192                    2.00
16384                   3.11
32768                   5.46
65536                  10.39
131072                 20.30
262144                 39.66
524288                 80.18
1048576               161.74

# OSU MPI_Bcast (data-varying) v7.0
# Size       Avg Latency(us)
root = 0
1                       0.65
2                       0.63
4                       0.62
8                       0.64
16                      0.64
32                      0.67
64                      0.63
128                     0.68
256                     0.73
512                     1.22
1024                    1.18
2048                    1.33
4096                    1.50
8192                    1.98
16384                   3.21
32768                   5.87
65536                  10.67
131072                 20.52
262144                 39.90
524288                 80.15
1048576               159.94

# OSU MPI_Bcast (data-varying) v7.0
# Size       Avg Latency(us)
root = 0
1                       0.63
2                       0.63
4                       0.66
8                       0.64
16                      0.64
32                      0.70
64                      0.67
128                     0.73
256                     0.76
512                     1.03
1024                    1.16
2048                    1.28
4096                    1.47
8192                    2.03
16384                   3.27
32768                   5.61
65536                  10.08
131072                 19.81
262144                 40.12
524288                 79.47
1048576               158.82

# OSU MPI_Bcast (data-varying) v7.0
# Size       Avg Latency(us)
root = 0
1                       0.66
2                       0.76
4                       0.67
8                       0.72
16                      0.68
32                      0.73
64                      0.65
128                     0.76
256                     0.81
512                     1.05
1024                    1.10
2048                    1.29
4096                    1.42
8192                    2.08
16384                   3.24
32768                   5.52
65536                  10.37
131072                 20.33
262144                 39.96
524288                 79.52
1048576               159.80

# OSU MPI_Bcast (data-varying) v7.0
# Size       Avg Latency(us)
root = 0
1                       0.60
2                       0.59
4                       0.59
8                       0.59
16                      0.60
32                      0.61
64                      0.62
128                     0.63
256                     0.74
512                     1.17
1024                    1.18
2048                    1.31
4096                    1.46
8192                    2.00
16384                   3.26
32768                   5.77
65536                  11.31
131072                 22.40
262144                 44.30
524288                 86.88
1048576               166.91

# OSU MPI_Bcast (data-varying) v7.0
# Size       Avg Latency(us)
root = 0
1                       0.62
2                       0.59
4                       0.59
8                       0.60
16                      0.58
32                      0.64
64                      0.62
128                     0.73
256                     0.73
512                     1.04
1024                    1.13
2048                    1.29
4096                    1.44
8192                    2.06
16384                   3.38
32768                   5.92
65536                  10.75
131072                 20.89
262144                 40.65
524288                 80.09
1048576               162.18

# OSU MPI_Bcast (data-varying) v7.0
# Size       Avg Latency(us)
root = 0
1                       0.69
2                       0.72
4                       0.74
8                       0.71
16                      0.75
32                      0.67
64                      0.66
128                     0.71
256                     0.79
512                     1.01
1024                    1.14
2048                    1.25
4096                    1.51
8192                    2.01
16384                   3.24
32768                   5.79
65536                  10.55
131072                 20.11
262144                 39.37
524288                 78.75
1048576               157.58

# OSU MPI_Bcast (data-varying) v7.0
# Size       Avg Latency(us)
root = 0
1                       0.63
2                       0.70
4                       0.71
8                       0.75
16                      0.70
32                      0.65
64                      0.73
128                     0.72
256                     0.74
512                     1.05
1024                    1.17
2048                    1.26
4096                    1.44
8192                    2.04
16384                   3.26
32768                   5.98
65536                  10.48
131072                 20.81
262144                 39.87
524288                 79.29
1048576               159.38

# OSU MPI_Bcast (data-varying) v7.0
# Size       Avg Latency(us)
root = 0
1                       0.64
2                       0.65
4                       0.73
8                       0.76
16                      0.69
32                      0.64
64                      0.64
128                     0.64
256                     0.79
512                     1.06
1024                    1.19
2048                    1.39
4096                    1.58
8192                    2.22
16384                   3.82
32768                   6.58
65536                  11.93
131072                 22.94
262144                 44.68
524288                 87.96
1048576               173.15

# OSU MPI_Bcast (data-varying) v7.0
# Size       Avg Latency(us)
root = 0
1                       0.69
2                       0.67
4                       0.69
8                       0.69
16                      0.68
32                      0.65
64                      0.68
128                     0.71
256                     0.72
512                     1.10
1024                    1.16
2048                    1.41
4096                    1.46
8192                    1.96
16384                   3.27
32768                   5.87
65536                  10.81
131072                 20.37
262144                 40.05
524288                 80.04
1048576               160.91

# OSU MPI_Bcast (data-varying) v7.0
# Size       Avg Latency(us)
root = 0
1                       0.77
2                       1.00
4                       0.80
8                       0.77
16                      0.82
32                      0.65
64                      0.64
128                     0.73
256                     0.77
512                     1.10
1024                    1.24
2048                    1.43
4096                    1.55
8192                    2.11
16384                   3.56
32768                   6.62
65536                  11.98
131072                 22.58
262144                 44.53
524288                 87.69
1048576               171.13

# OSU MPI_Bcast (data-varying) v7.0
# Size       Avg Latency(us)
root = 0
1                       0.60
2                       0.60
4                       0.60
8                       0.62
16                      0.66
32                      0.62
64                      0.63
128                     0.87
256                     0.72
512                     1.05
1024                    1.15
2048                    1.29
4096                    1.46
8192                    1.94
16384                   3.06
32768                   5.59
65536                  10.60
131072                 20.28
262144                 39.34
524288                 78.72
1048576               160.83

# OSU MPI_Bcast (data-varying) v7.0
# Size       Avg Latency(us)
root = 0
1                       0.73
2                       0.79
4                       0.72
8                       0.72
16                      0.73
32                      0.69
64                      0.71
128                     0.80
256                     0.83
512                     1.06
1024                    1.20
2048                    1.39
4096                    1.46
8192                    2.02
16384                   3.25
32768                   6.00
65536                  10.71
131072                 23.05
262144                 45.08
524288                 88.57
1048576               174.30

# OSU MPI_Bcast (data-varying) v7.0
# Size       Avg Latency(us)
root = 0
1                       0.88
2                       0.68
4                       0.80
8                       0.80
16                      0.83
32                      1.05
64                      1.07
128                     1.07
256                     1.15
512                     1.33
1024                    1.19
2048                    1.38
4096                    1.52
8192                    2.03
16384                   3.29
32768                   5.72
65536                  10.61
131072                 19.75
262144                 43.31
524288                 87.56
1048576               171.59

# OSU MPI_Bcast (data-varying) v7.0
# Size       Avg Latency(us)
root = 0
1                       0.68
2                       0.66
4                       0.67
8                       0.69
16                      0.68
32                      0.67
64                      0.67
128                     0.70
256                     0.94
512                     1.20
1024                    1.17
2048                    1.29
4096                    1.46
8192                    2.09
16384                   3.21
32768                   5.74
65536                  10.66
131072                 20.38
262144                 40.35
524288                 80.05
1048576               160.88

# OSU MPI_Bcast (data-varying) v7.0
# Size       Avg Latency(us)
root = 0
1                       0.67
2                       0.63
4                       0.66
8                       0.68
16                      0.66
32                      0.65
64                      0.67
128                     0.69
256                     0.70
512                     1.10
1024                    1.18
2048                    1.31
4096                    1.49
8192                    1.99
16384                   3.29
32768                   5.75
65536                  10.75
131072                 20.33
262144                 38.75
524288                 78.16
1048576               156.28

# OSU MPI_Bcast (data-varying) v7.0
# Size       Avg Latency(us)
root = 0
1                       0.64
2                       0.71
4                       0.68
8                       0.68
16                      0.72
32                      0.70
64                      0.65
128                     0.66
256                     0.69
512                     1.15
1024                    1.16
2048                    1.30
4096                    1.51
8192                    2.03
16384                   3.13
32768                   5.48
65536                  10.27
131072                 19.40
262144                 39.33
524288                 78.49
1048576               159.25

# OSU MPI_Bcast (data-varying) v7.0
# Size       Avg Latency(us)
root = 0
1                       0.64
2                       0.72
4                       0.68
8                       0.65
16                      0.70
32                      0.69
64                      0.71
128                     0.72
256                     0.76
512                     1.12
1024                    1.14
2048                    1.34
4096                    1.41
8192                    2.02
16384                   3.22
32768                   5.50
65536                  10.31
131072                 19.90
262144                 39.89
524288                 79.13
1048576               160.98

# OSU MPI_Bcast (data-varying) v7.0
# Size       Avg Latency(us)
root = 0
1                       0.63
2                       0.62
4                       0.63
8                       0.62
16                      0.62
32                      0.63
64                      0.63
128                     0.66
256                     0.70
512                     1.10
1024                    1.10
2048                    1.30
4096                    1.49
8192                    2.02
16384                   3.33
32768                   5.95
65536                  10.49
131072                 20.22
262144                 39.97
524288                 79.46
1048576               159.61

# OSU MPI_Bcast (data-varying) v7.0
# Size       Avg Latency(us)
root = 0
1                       0.62
2                       0.61
4                       0.60
8                       0.65
16                      0.62
32                      0.61
64                      0.62
128                     0.66
256                     0.70
512                     1.24
1024                    1.20
2048                    1.39
4096                    1.51
8192                    2.09
16384                   3.41
32768                   5.73
65536                  10.42
131072                 19.99
262144                 39.19
524288                 79.12
1048576               161.57

# OSU MPI_Bcast (data-varying) v7.0
# Size       Avg Latency(us)
root = 0
1                       0.66
2                       0.74
4                       0.73
8                       0.73
16                      0.79
32                      0.66
64                      0.66
128                     0.91
256                     0.78
512                     1.17
1024                    1.17
2048                    1.37
4096                    1.52
8192                    2.08
16384                   3.31
32768                   5.74
65536                  10.53
131072                 20.09
262144                 40.55
524288                 79.39
1048576               162.59

# OSU MPI_Bcast (data-varying) v7.0
# Size       Avg Latency(us)
root = 0
1                       1.08
2                       1.11
4                       1.04
8                       1.10
16                      1.07
32                      1.04
64                      1.06
128                     0.95
256                     0.87
512                     1.26
1024                    1.15
2048                    1.33
4096                    1.53
8192                    2.10
16384                   3.30
32768                   5.82
65536                  10.52
131072                 20.22
262144                 40.05
524288                 80.01
1048576               159.23

# OSU MPI_Bcast (data-varying) v7.0
# Size       Avg Latency(us)
root = 0
1                       0.70
2                       0.74
4                       0.67
8                       0.73
16                      0.72
32                      0.66
64                      0.64
128                     0.78
256                     0.78
512                     1.08
1024                    1.09
2048                    1.27
4096                    1.45
8192                    2.12
16384                   3.66
32768                   6.41
65536                  11.91
131072                 22.92
262144                 44.70
524288                 87.16
1048576               173.44

# OSU MPI_Bcast (data-varying) v7.0
# Size       Avg Latency(us)
root = 0
1                       0.72
2                       0.73
4                       0.69
8                       0.72
16                      0.73
32                      0.66
64                      0.67
128                     0.69
256                     0.83
512                     1.15
1024                    1.11
2048                    1.28
4096                    1.46
8192                    2.02
16384                   3.17
32768                   5.47
65536                   9.90
131072                 19.94
262144                 40.25
524288                 79.23
1048576               160.59

# OSU MPI_Bcast (data-varying) v7.0
# Size       Avg Latency(us)
root = 0
1                       0.63
2                       0.69
4                       0.66
8                       0.69
16                      0.67
32                      0.66
64                      0.62
128                     0.73
256                     0.86
512                     1.15
1024                    1.18
2048                    1.33
4096                    1.53
8192                    2.13
16384                   3.20
32768                   5.66
65536                  10.54
131072                 20.89
262144                 40.57
524288                 80.16
1048576               160.93

# OSU MPI_Bcast (data-varying) v7.0
# Size       Avg Latency(us)
root = 0
1                       0.64
2                       0.77
4                       0.69
8                       0.79
16                      0.71
32                      0.70
64                      0.63
128                     0.71
256                     0.82
512                     1.06
1024                    1.17
2048                    1.40
4096                    1.48
8192                    2.05
16384                   3.38
32768                   5.87
65536                  10.61
131072                 20.49
262144                 40.45
524288                 79.88
1048576               162.45

# OSU MPI_Bcast (data-varying) v7.0
# Size       Avg Latency(us)
root = 0
1                       0.64
2                       0.68
4                       0.64
8                       0.62
16                      0.65
32                      0.62
64                      0.62
128                     0.69
256                     0.81
512                     1.07
1024                    1.23
2048                    1.41
4096                    1.52
8192                    2.12
16384                   3.29
32768                   6.05
65536                  10.86
131072                 20.79
262144                 40.68
524288                 81.34
1048576               162.69

# OSU MPI_Bcast (data-varying) v7.0
# Size       Avg Latency(us)
root = 0
1                       0.70
2                       0.79
4                       0.72
8                       0.73
16                      0.77
32                      0.67
64                      0.67
128                     0.69
256                     0.81
512                     1.00
1024                    1.21
2048                    1.37
4096                    1.47
8192                    2.05
16384                   3.29
32768                   5.94
65536                  10.73
131072                 20.03
262144                 39.86
524288                 79.41
1048576               161.65
