
# OSU MPI_Bcast (data-varying) v7.0
# Size       Avg Latency(us)
root = 0
1                       0.89
2                       0.93
4                       0.86
8                       0.79
16                      0.88
32                      0.65
64                      0.66
128                     0.85
256                     0.90
512                     1.04
1024                    1.16
2048                    1.27
4096                    1.44
8192                    2.19
16384                   3.39
32768                   5.80
65536                  10.32
131072                 20.24
262144                 39.36
524288                 79.00
1048576               159.09

# OSU MPI_Bcast (data-varying) v7.0
# Size       Avg Latency(us)
root = 0
1                       0.66
2                       0.68
4                       0.65
8                       0.70
16                      0.68
32                      0.64
64                      0.63
128                     0.69
256                     0.71
512                     1.09
1024                    1.13
2048                    1.34
4096                    1.49
8192                    2.18
16384                   3.26
32768                   5.73
65536                  10.28
131072                 20.16
262144                 39.13
524288                 78.12
1048576               159.13

# OSU MPI_Bcast (data-varying) v7.0
# Size       Avg Latency(us)
root = 0
1                       0.66
2                       0.70
4                       0.65
8                       0.70
16                      0.70
32                      0.64
64                      0.64
128                     0.70
256                     0.76
512                     1.06
1024                    1.23
2048                    1.42
4096                    1.58
8192                    2.27
16384                   3.72
32768                   6.53
65536                  11.76
131072                 22.09
262144                 43.09
524288                 86.08
1048576               164.53

# OSU MPI_Bcast (data-varying) v7.0
# Size       Avg Latency(us)
root = 0
1                       0.70
2                       0.72
4                       0.71
8                       0.71
16                      0.72
32                      0.64
64                      0.64
128                     0.82
256                     0.78
512                     1.25
1024                    1.19
2048                    1.34
4096                    1.47
8192                    2.22
16384                   3.23
32768                   5.76
65536                  10.31
131072                 19.64
262144                 38.57
524288                 77.48
1048576               157.92

# OSU MPI_Bcast (data-varying) v7.0
# Size       Avg Latency(us)
root = 0
1                       0.65
2                       0.65
4                       0.65
8                       0.65
16                      0.65
32                      0.68
64                      0.65
128                     0.70
256                     0.74
512                     1.14
1024                    1.16
2048                    1.35
4096                    1.54
8192                    2.26
16384                   3.24
32768                   5.94
65536                  10.50
131072                 20.22
262144                 39.11
524288                 78.27
1048576               158.42

# OSU MPI_Bcast (data-varying) v7.0
# Size       Avg Latency(us)
root = 0
1                       0.62
2                       0.62
4                       0.63
8                       0.61
16                      0.63
32                      0.63
64                      0.63
128                     0.95
256                     0.71
512                     1.17
1024                    1.15
2048                    1.32
4096                    1.47
8192                    2.18
16384                   3.32
32768                   5.95
65536                  10.43
131072                 20.30
262144                 39.28
524288                 78.67
1048576               158.32

# OSU MPI_Bcast (data-varying) v7.0
# Size       Avg Latency(us)
root = 0
1                       0.73
2                       0.76
4                       0.68
8                       0.78
16                      0.78
32                      0.70
64                      0.69
128                     0.73
256                     0.90
512                     1.10
1024                    1.16
2048                    1.33
4096                    1.45
8192                    2.20
16384                   3.63
32768                   6.50
65536                  11.80
131072                 22.08
262144                 42.99
524288                 85.75
1048576               170.27

# OSU MPI_Bcast (data-varying) v7.0
# Size       Avg Latency(us)
root = 0
1                       0.65
2                       0.65
4                       0.61
8                       0.61
16                      0.61
32                      0.63
64                      0.66
128                     0.66
256                     0.70
512                     1.13
1024                    1.14
2048                    1.29
4096                    1.45
8192                    2.28
16384                   3.37
32768                   5.79
65536                  10.68
131072                 20.27
262144                 37.94
524288                 77.63
1048576               158.79

# OSU MPI_Bcast (data-varying) v7.0
# Size       Avg Latency(us)
root = 0
1                       0.66
2                       0.70
4                       0.70
8                       0.72
16                      0.80
32                      0.65
64                      0.66
128                     0.71
256                     0.78
512                     1.08
1024                    1.09
2048                    1.31
4096                    1.42
8192                    2.17
16384                   3.22
32768                   5.91
65536                  10.26
131072                 19.68
262144                 39.40
524288                 78.46
1048576               158.58

# OSU MPI_Bcast (data-varying) v7.0
# Size       Avg Latency(us)
root = 0
1                       0.63
2                       0.67
4                       0.66
8                       0.65
16                      0.66
32                      0.65
64                      0.66
128                     0.74
256                     0.74
512                     1.02
1024                    1.16
2048                    1.34
4096                    1.46
8192                    2.25
16384                   3.47
32768                   5.60
65536                  10.36
131072                 20.06
262144                 38.91
524288                 78.26
1048576               159.22

# OSU MPI_Bcast (data-varying) v7.0
# Size       Avg Latency(us)
root = 0
1                       0.65
2                       0.75
4                       0.75
8                       0.76
16                      0.69
32                      0.67
64                      0.67
128                     0.74
256                     0.86
512                     1.10
1024                    1.14
2048                    1.31
4096                    1.49
8192                    2.19
16384                   3.26
32768                   5.90
65536                  10.35
131072                 20.21
262144                 39.36
524288                 78.73
1048576               159.46

# OSU MPI_Bcast (data-varying) v7.0
# Size       Avg Latency(us)
root = 0
1                       0.72
2                       0.82
4                       0.77
8                       0.72
16                      0.73
32                      0.67
64                      0.67
128                     0.69
256                     0.81
512                     1.10
1024                    1.13
2048                    1.28
4096                    1.50
8192                    2.18
16384                   3.47
32768                   5.64
65536                  10.47
131072                 19.67
262144                 38.84
524288                 77.38
1048576               160.00

# OSU MPI_Bcast (data-varying) v7.0
# Size       Avg Latency(us)
root = 0
1                       0.69
2                       0.77
4                       0.71
8                       0.70
16                      0.71
32                      0.66
64                      0.67
128                     0.71
256                     0.71
512                     1.14
1024                    1.15
2048                    1.26
4096                    1.43
8192                    2.19
16384                   3.31
32768                   5.89
65536                  10.72
131072                 20.11
262144                 39.41
524288                 78.99
1048576               160.10

# OSU MPI_Bcast (data-varying) v7.0
# Size       Avg Latency(us)
root = 0
1                       0.72
2                       0.73
4                       0.65
8                       0.72
16                      0.71
32                      0.67
64                      0.66
128                     0.87
256                     0.87
512                     1.07
1024                    1.15
2048                    1.35
4096                    1.54
8192                    2.36
16384                   3.72
32768                   6.58
65536                  11.78
131072                 22.36
262144                 44.26
524288                 85.73
1048576               170.11

# OSU MPI_Bcast (data-varying) v7.0
# Size       Avg Latency(us)
root = 0
1                       0.66
2                       0.74
4                       0.74
8                       0.71
16                      0.72
32                      0.67
64                      0.68
128                     0.68
256                     0.77
512                     1.18
1024                    1.16
2048                    1.34
4096                    1.48
8192                    2.20
16384                   3.34
32768                   5.80
65536                  10.39
131072                 19.99
262144                 39.36
524288                 78.65
1048576               159.24

# OSU MPI_Bcast (data-varying) v7.0
# Size       Avg Latency(us)
root = 0
1                       0.70
2                       0.79
4                       0.73
8                       0.74
16                      0.72
32                      0.66
64                      0.64
128                     0.69
256                     0.78
512                     1.05
1024                    1.18
2048                    1.39
4096                    1.48
8192                    2.34
16384                   3.56
32768                   6.45
65536                  11.76
131072                 22.02
262144                 42.63
524288                 85.73
1048576               168.00

# OSU MPI_Bcast (data-varying) v7.0
# Size       Avg Latency(us)
root = 0
1                       0.85
2                       0.93
4                       0.88
8                       0.92
16                      0.81
32                      0.68
64                      0.66
128                     0.74
256                     0.80
512                     1.08
1024                    1.18
2048                    1.41
4096                    1.54
8192                    2.22
16384                   3.47
32768                   5.82
65536                  10.55
131072                 20.19
262144                 39.46
524288                 78.30
1048576               153.70

# OSU MPI_Bcast (data-varying) v7.0
# Size       Avg Latency(us)
root = 0
1                       0.67
2                       0.67
4                       0.67
8                       0.72
16                      0.79
32                      0.71
64                      0.67
128                     0.76
256                     0.74
512                     1.09
1024                    1.13
2048                    1.32
4096                    1.45
8192                    2.21
16384                   3.21
32768                   5.57
65536                  10.22
131072                 19.77
262144                 39.07
524288                 77.86
1048576               158.27

# OSU MPI_Bcast (data-varying) v7.0
# Size       Avg Latency(us)
root = 0
1                       0.65
2                       0.71
4                       0.68
8                       0.69
16                      0.67
32                      0.65
64                      0.65
128                     0.72
256                     0.72
512                     1.00
1024                    1.13
2048                    1.35
4096                    1.45
8192                    2.20
16384                   3.57
32768                   6.50
65536                  11.77
131072                 22.41
262144                 42.84
524288                 85.76
1048576               168.27

# OSU MPI_Bcast (data-varying) v7.0
# Size       Avg Latency(us)
root = 0
1                       0.64
2                       0.69
4                       0.70
8                       0.67
16                      0.73
32                      0.63
64                      0.69
128                     0.80
256                     0.75
512                     1.19
1024                    1.15
2048                    1.39
4096                    1.54
8192                    2.22
16384                   3.71
32768                   6.34
65536                  11.28
131072                 21.30
262144                 42.35
524288                 85.34
1048576               168.82

# OSU MPI_Bcast (data-varying) v7.0
# Size       Avg Latency(us)
root = 0
1                       0.73
2                       0.78
4                       0.73
8                       0.73
16                      0.72
32                      0.69
64                      0.71
128                     0.80
256                     0.84
512                     1.06
1024                    1.16
2048                    1.34
4096                    1.45
8192                    2.25
16384                   3.39
32768                   5.93
65536                  10.24
131072                 20.30
262144                 38.85
524288                 78.03
1048576               159.75

# OSU MPI_Bcast (data-varying) v7.0
# Size       Avg Latency(us)
root = 0
1                       0.63
2                       0.67
4                       0.67
8                       0.63
16                      0.70
32                      0.65
64                      0.61
128                     0.64
256                     0.77
512                     1.00
1024                    1.15
2048                    1.25
4096                    1.41
8192                    2.20
16384                   3.29
32768                   5.90
65536                  10.47
131072                 20.18
262144                 38.31
524288                 77.79
1048576               159.98

# OSU MPI_Bcast (data-varying) v7.0
# Size       Avg Latency(us)
root = 0
1                       0.68
2                       0.68
4                       0.80
8                       0.71
16                      0.70
32                      0.67
64                      0.64
128                     0.69
256                     0.81
512                     1.13
1024                    1.17
2048                    1.37
4096                    1.52
8192                    2.40
16384                   3.73
32768                   6.42
65536                  11.81
131072                 22.29
262144                 43.48
524288                 86.00
1048576               170.37

# OSU MPI_Bcast (data-varying) v7.0
# Size       Avg Latency(us)
root = 0
1                       0.69
2                       0.72
4                       0.65
8                       0.64
16                      0.68
32                      0.68
64                      0.65
128                     0.80
256                     0.82
512                     1.04
1024                    1.18
2048                    1.33
4096                    1.43
8192                    2.13
16384                   3.25
32768                   5.68
65536                  10.43
131072                 19.25
262144                 38.66
524288                 77.55
1048576               158.40

# OSU MPI_Bcast (data-varying) v7.0
# Size       Avg Latency(us)
root = 0
1                       1.02
2                       1.01
4                       1.00
8                       1.05
16                      1.03
32                      1.03
64                      0.98
128                     0.80
256                     0.78
512                     1.04
1024                    1.17
2048                    1.28
4096                    1.44
8192                    2.28
16384                   3.61
32768                   6.54
65536                  11.67
131072                 22.10
262144                 43.51
524288                 85.86
1048576               167.99

# OSU MPI_Bcast (data-varying) v7.0
# Size       Avg Latency(us)
root = 0
1                       0.64
2                       0.81
4                       0.69
8                       0.68
16                      0.73
32                      0.64
64                      0.66
128                     0.69
256                     0.75
512                     1.15
1024                    1.19
2048                    1.29
4096                    1.48
8192                    2.19
16384                   3.48
32768                   5.97
65536                  10.37
131072                 19.95
262144                 39.20
524288                 78.48
1048576               159.90

# OSU MPI_Bcast (data-varying) v7.0
# Size       Avg Latency(us)
root = 0
1                       0.67
2                       0.67
4                       0.72
8                       0.69
16                      0.70
32                      0.72
64                      0.63
128                     0.87
256                     0.73
512                     1.02
1024                    1.15
2048                    1.27
4096                    1.47
8192                    2.26
16384                   3.26
32768                   5.70
65536                  10.03
131072                 19.98
262144                 39.14
524288                 77.93
1048576               156.01

# OSU MPI_Bcast (data-varying) v7.0
# Size       Avg Latency(us)
root = 0
1                       0.72
2                       0.74
4                       0.68
8                       0.70
16                      0.67
32                      0.65
64                      0.64
128                     0.68
256                     0.75
512                     1.02
1024                    1.17
2048                    1.33
4096                    1.46
8192                    2.21
16384                   3.37
32768                   5.86
65536                  10.12
131072                 20.10
262144                 38.99
524288                 77.37
1048576               159.52

# OSU MPI_Bcast (data-varying) v7.0
# Size       Avg Latency(us)
root = 0
1                       0.66
2                       0.70
4                       0.67
8                       0.74
16                      0.70
32                      0.64
64                      0.65
128                     0.74
256                     0.84
512                     1.11
1024                    1.19
2048                    1.32
4096                    1.51
8192                    2.25
16384                   3.30
32768                   5.79
65536                  10.40
131072                 20.31
262144                 39.11
524288                 78.38
1048576               159.93

# OSU MPI_Bcast (data-varying) v7.0
# Size       Avg Latency(us)
root = 0
1                       0.65
2                       0.69
4                       0.65
8                       0.69
16                      0.72
32                      0.68
64                      0.68
128                     0.80
256                     0.89
512                     1.11
1024                    1.21
2048                    1.38
4096                    1.51
8192                    2.31
16384                   3.53
32768                   5.88
65536                  10.55
131072                 20.47
262144                 39.49
524288                 78.57
1048576               159.45
