
# OSU MPI_Bcast (data-varying) v7.0
# Size       Avg Latency(us)
root = 0
1                       0.44
2                       0.47
4                       0.38
8                       0.37
16                      0.35
32                      0.39
64                      0.47
128                     0.58
256                     0.69
512                     1.03
1024                    1.04
2048                    1.19
4096                    1.49
8192                    2.33
16384                   3.85
32768                   7.07
65536                  13.08
131072                 24.93
262144                 49.99
524288                 98.76
1048576               187.94

# OSU MPI_Bcast (data-varying) v7.0
# Size       Avg Latency(us)
root = 0
1                       0.38
2                       0.47
4                       0.39
8                       0.40
16                      0.40
32                      0.44
64                      0.42
128                     0.52
256                     0.90
512                     0.98
1024                    0.90
2048                    1.14
4096                    1.48
8192                    2.12
16384                   3.45
32768                   6.91
65536                  12.53
131072                 24.19
262144                 47.76
524288                 93.10
1048576               181.00

# OSU MPI_Bcast (data-varying) v7.0
# Size       Avg Latency(us)
root = 0
1                       0.40
2                       0.51
4                       0.40
8                       0.43
16                      0.40
32                      0.42
64                      0.44
128                     0.50
256                     0.69
512                     1.04
1024                    0.97
2048                    1.18
4096                    1.44
8192                    2.08
16384                   3.75
32768                   6.69
65536                  12.24
131072                 24.68
262144                 47.50
524288                 94.39
1048576               182.97

# OSU MPI_Bcast (data-varying) v7.0
# Size       Avg Latency(us)
root = 0
1                       0.34
2                       0.45
4                       0.33
8                       0.40
16                      0.41
32                      0.41
64                      0.42
128                     0.52
256                     0.67
512                     0.99
1024                    0.97
2048                    1.23
4096                    1.48
8192                    2.36
16384                   3.96
32768                   6.96
65536                  13.11
131072                 25.27
262144                 49.45
524288                 99.74
1048576               189.72

# OSU MPI_Bcast (data-varying) v7.0
# Size       Avg Latency(us)
root = 0
1                       0.33
2                       0.45
4                       0.32
8                       0.38
16                      0.37
32                      0.38
64                      0.36
128                     0.53
256                     0.64
512                     0.91
1024                    0.88
2048                    1.15
4096                    1.60
8192                    2.24
16384                   3.90
32768                   7.18
65536                  13.19
131072                 24.79
262144                 49.08
524288                 96.05
1048576               190.47

# OSU MPI_Bcast (data-varying) v7.0
# Size       Avg Latency(us)
root = 0
1                       0.41
2                       0.50
4                       0.42
8                       0.40
16                      0.41
32                      0.41
64                      0.41
128                     0.58
256                     0.81
512                     0.92
1024                    1.00
2048                    1.19
4096                    1.42
8192                    2.08
16384                   3.48
32768                   6.59
65536                  12.39
131072                 23.95
262144                 48.05
524288                 91.78
1048576               172.91

# OSU MPI_Bcast (data-varying) v7.0
# Size       Avg Latency(us)
root = 0
1                       0.43
2                       0.48
4                       0.40
8                       0.40
16                      0.43
32                      0.47
64                      0.43
128                     0.57
256                     0.82
512                     0.93
1024                    0.96
2048                    1.15
4096                    1.39
8192                    2.07
16384                   3.65
32768                   6.58
65536                  12.46
131072                 24.57
262144                 48.28
524288                 99.22
1048576               196.75

# OSU MPI_Bcast (data-varying) v7.0
# Size       Avg Latency(us)
root = 0
1                       0.38
2                       0.48
4                       0.39
8                       0.39
16                      0.38
32                      0.46
64                      0.48
128                     0.63
256                     0.90
512                     1.04
1024                    0.97
2048                    1.18
4096                    1.51
8192                    2.12
16384                   3.76
32768                   6.59
65536                  12.55
131072                 24.26
262144                 47.46
524288                 93.23
1048576               182.78

# OSU MPI_Bcast (data-varying) v7.0
# Size       Avg Latency(us)
root = 0
1                       0.37
2                       0.43
4                       0.36
8                       0.44
16                      0.38
32                      0.39
64                      0.39
128                     0.58
256                     0.67
512                     0.98
1024                    0.96
2048                    1.14
4096                    1.42
8192                    2.13
16384                   3.49
32768                   6.56
65536                  12.24
131072                 23.90
262144                 47.09
524288                 93.85
1048576               179.60

# OSU MPI_Bcast (data-varying) v7.0
# Size       Avg Latency(us)
root = 0
1                       0.34
2                       0.47
4                       0.38
8                       0.39
16                      0.40
32                      0.41
64                      0.38
128                     0.54
256                     0.68
512                     1.03
1024                    1.00
2048                    1.18
4096                    1.44
8192                    2.07
16384                   3.48
32768                   6.53
65536                  12.37
131072                 24.40
262144                 47.37
524288                 93.06
1048576               177.47

# OSU MPI_Bcast (data-varying) v7.0
# Size       Avg Latency(us)
root = 0
1                       0.37
2                       0.45
4                       0.36
8                       0.41
16                      0.41
32                      0.40
64                      0.44
128                     0.55
256                     0.71
512                     0.95
1024                    0.98
2048                    1.22
4096                    1.41
8192                    2.23
16384                   3.51
32768                   6.56
65536                  12.34
131072                 24.19
262144                 47.93
524288                 99.62
1048576               188.97

# OSU MPI_Bcast (data-varying) v7.0
# Size       Avg Latency(us)
root = 0
1                       0.33
2                       0.49
4                       0.37
8                       0.35
16                      0.33
32                      0.37
64                      0.43
128                     0.63
256                     1.00
512                     1.02
1024                    0.94
2048                    1.25
4096                    1.40
8192                    2.22
16384                   3.51
32768                   6.65
65536                  12.19
131072                 24.05
262144                 47.08
524288                 94.23
1048576               179.10

# OSU MPI_Bcast (data-varying) v7.0
# Size       Avg Latency(us)
root = 0
1                       0.35
2                       0.50
4                       0.37
8                       0.38
16                      0.36
32                      0.39
64                      0.38
128                     0.54
256                     0.77
512                     1.02
1024                    0.94
2048                    1.24
4096                    1.43
8192                    2.11
16384                   3.59
32768                   6.64
65536                  12.62
131072                 24.50
262144                 47.79
524288                 93.16
1048576               183.55

# OSU MPI_Bcast (data-varying) v7.0
# Size       Avg Latency(us)
root = 0
1                       0.33
2                       0.49
4                       0.33
8                       0.35
16                      0.42
32                      0.38
64                      0.37
128                     0.63
256                     0.65
512                     1.11
1024                    0.99
2048                    1.16
4096                    1.47
8192                    2.13
16384                   3.68
32768                   6.62
65536                  12.50
131072                 24.41
262144                 47.63
524288                 94.58
1048576               178.17

# OSU MPI_Bcast (data-varying) v7.0
# Size       Avg Latency(us)
root = 0
1                       0.38
2                       0.50
4                       0.40
8                       0.38
16                      0.40
32                      0.46
64                      0.43
128                     0.59
256                     0.73
512                     1.01
1024                    0.94
2048                    1.24
4096                    1.42
8192                    2.13
16384                   3.44
32768                   6.61
65536                  12.41
131072                 24.53
262144                 47.51
524288                 92.87
1048576               176.62

# OSU MPI_Bcast (data-varying) v7.0
# Size       Avg Latency(us)
root = 0
1                       0.36
2                       0.49
4                       0.37
8                       0.37
16                      0.38
32                      0.49
64                      0.40
128                     0.56
256                     0.77
512                     1.02
1024                    0.94
2048                    1.14
4096                    1.48
8192                    2.30
16384                   3.92
32768                   6.93
65536                  12.86
131072                 24.89
262144                 49.17
524288                 98.52
1048576               188.46

# OSU MPI_Bcast (data-varying) v7.0
# Size       Avg Latency(us)
root = 0
1                       0.40
2                       0.50
4                       0.39
8                       0.41
16                      0.40
32                      0.42
64                      0.43
128                     0.57
256                     0.72
512                     0.98
1024                    1.03
2048                    1.16
4096                    1.42
8192                    2.07
16384                   3.52
32768                   6.77
65536                  12.30
131072                 23.53
262144                 46.69
524288                 92.15
1048576               180.23

# OSU MPI_Bcast (data-varying) v7.0
# Size       Avg Latency(us)
root = 0
1                       0.33
2                       0.47
4                       0.33
8                       0.34
16                      0.34
32                      0.36
64                      0.39
128                     0.52
256                     0.76
512                     0.92
1024                    0.94
2048                    1.21
4096                    1.38
8192                    2.13
16384                   3.48
32768                   6.72
65536                  12.29
131072                 23.69
262144                 45.46
524288                 91.81
1048576               179.23

# OSU MPI_Bcast (data-varying) v7.0
# Size       Avg Latency(us)
root = 0
1                       0.43
2                       0.49
4                       0.48
8                       0.38
16                      0.38
32                      0.41
64                      0.41
128                     0.59
256                     0.71
512                     1.03
1024                    0.96
2048                    1.14
4096                    1.45
8192                    2.15
16384                   3.62
32768                   6.73
65536                  12.49
131072                 23.92
262144                 47.13
524288                 94.16
1048576               177.90

# OSU MPI_Bcast (data-varying) v7.0
# Size       Avg Latency(us)
root = 0
1                       0.38
2                       0.51
4                       0.37
8                       0.38
16                      0.38
32                      0.40
64                      0.42
128                     0.61
256                     0.73
512                     1.05
1024                    0.89
2048                    1.12
4096                    1.41
8192                    2.13
16384                   3.39
32768                   6.34
65536                  12.13
131072                 23.80
262144                 46.93
524288                 92.03
1048576               176.31

# OSU MPI_Bcast (data-varying) v7.0
# Size       Avg Latency(us)
root = 0
1                       0.40
2                       0.44
4                       0.41
8                       0.40
16                      0.41
32                      0.46
64                      0.44
128                     0.59
256                     0.76
512                     0.90
1024                    0.90
2048                    1.13
4096                    1.89
8192                    2.15
16384                   3.55
32768                   6.49
65536                  11.89
131072                 23.75
262144                 47.16
524288                 92.84
1048576               180.07

# OSU MPI_Bcast (data-varying) v7.0
# Size       Avg Latency(us)
root = 0
1                       0.34
2                       0.47
4                       0.33
8                       0.39
16                      0.41
32                      0.38
64                      0.38
128                     0.52
256                     0.67
512                     0.96
1024                    0.95
2048                    1.09
4096                    1.45
8192                    2.16
16384                   3.75
32768                   6.50
65536                  12.52
131072                 24.53
262144                 47.70
524288                 94.05
1048576               183.95

# OSU MPI_Bcast (data-varying) v7.0
# Size       Avg Latency(us)
root = 0
1                       0.38
2                       0.44
4                       0.35
8                       0.35
16                      0.35
32                      0.37
64                      0.38
128                     0.54
256                     0.68
512                     0.93
1024                    0.94
2048                    1.12
4096                    1.43
8192                    2.07
16384                   3.53
32768                   6.73
65536                  12.86
131072                 24.64
262144                 47.76
524288                 94.40
1048576               182.09

# OSU MPI_Bcast (data-varying) v7.0
# Size       Avg Latency(us)
root = 0
1                       0.41
2                       0.41
4                       0.36
8                       0.37
16                      0.38
32                      0.40
64                      0.40
128                     0.50
256                     0.83
512                     0.98
1024                    0.98
2048                    1.15
4096                    1.40
8192                    2.14
16384                   3.50
32768                   6.63
65536                  12.28
131072                 23.36
262144                 45.28
524288                 90.94
1048576               181.84

# OSU MPI_Bcast (data-varying) v7.0
# Size       Avg Latency(us)
root = 0
1                       0.40
2                       0.49
4                       0.38
8                       0.43
16                      0.38
32                      0.42
64                      0.43
128                     0.60
256                     0.94
512                     0.96
1024                    0.98
2048                    1.17
4096                    1.39
8192                    2.08
16384                   3.64
32768                   6.68
65536                  12.33
131072                 24.04
262144                 46.94
524288                 94.41
1048576               177.49

# OSU MPI_Bcast (data-varying) v7.0
# Size       Avg Latency(us)
root = 0
1                       0.37
2                       0.51
4                       0.43
8                       0.41
16                      0.39
32                      0.40
64                      0.40
128                     0.56
256                     0.75
512                     0.91
1024                    0.97
2048                    1.15
4096                    1.50
8192                    2.10
16384                   3.75
32768                   6.41
65536                  12.15
131072                 23.70
262144                 46.64
524288                 93.98
1048576               178.18

# OSU MPI_Bcast (data-varying) v7.0
# Size       Avg Latency(us)
root = 0
1                       0.39
2                       0.46
4                       0.39
8                       0.40
16                      0.39
32                      0.46
64                      0.42
128                     0.55
256                     0.70
512                     0.98
1024                    0.93
2048                    1.15
4096                    1.45
8192                    2.12
16384                   3.52
32768                   6.46
65536                  11.97
131072                 23.95
262144                 45.84
524288                 90.74
1048576               179.80

# OSU MPI_Bcast (data-varying) v7.0
# Size       Avg Latency(us)
root = 0
1                       0.38
2                       0.50
4                       0.38
8                       0.38
16                      0.57
32                      0.42
64                      0.42
128                     0.59
256                     0.71
512                     1.02
1024                    1.01
2048                    1.18
4096                    1.50
8192                    2.14
16384                   3.65
32768                   6.80
65536                  12.41
131072                 24.27
262144                 47.81
524288                 93.29
1048576               174.76

# OSU MPI_Bcast (data-varying) v7.0
# Size       Avg Latency(us)
root = 0
1                       0.37
2                       0.42
4                       0.35
8                       0.35
16                      0.39
32                      0.43
64                      0.40
128                     0.56
256                     0.82
512                     0.90
1024                    0.92
2048                    1.10
4096                    1.48
8192                    2.03
16384                   3.50
32768                   6.35
65536                  12.12
131072                 23.17
262144                 46.88
524288                 90.79
1048576               176.86

# OSU MPI_Bcast (data-varying) v7.0
# Size       Avg Latency(us)
root = 0
1                       0.36
2                       0.48
4                       0.39
8                       0.37
16                      0.36
32                      0.41
64                      0.42
128                     0.52
256                     0.82
512                     1.01
1024                    0.94
2048                    1.17
4096                    1.50
8192                    2.25
16384                   3.71
32768                   7.03
65536                  12.97
131072                 24.57
262144                 48.44
524288                 94.72
1048576               186.19
