
# OSU MPI_Bcast (data-varying) v7.0
# Size       Avg Latency(us)
root = 0
1                       0.63
2                       0.65
4                       0.63
8                       0.63
16                      0.65
32                      0.70
64                      0.65
128                     0.79
256                     0.69
512                     1.10
1024                    1.28
2048                    1.41
4096                    1.56
8192                    2.20
16384                   3.56
32768                   6.09
65536                  10.31
131072                 19.09
262144                 36.81
524288                 76.42
1048576               158.53

# OSU MPI_Bcast (data-varying) v7.0
# Size       Avg Latency(us)
root = 0
1                       0.61
2                       0.64
4                       0.63
8                       0.60
16                      0.62
32                      0.64
64                      0.64
128                     0.79
256                     0.87
512                     1.01
1024                    1.12
2048                    1.34
4096                    1.52
8192                    2.16
16384                   3.62
32768                   6.25
65536                  11.08
131072                 20.58
262144                 39.68
524288                 77.34
1048576               158.31

# OSU MPI_Bcast (data-varying) v7.0
# Size       Avg Latency(us)
root = 0
1                       0.66
2                       0.63
4                       0.66
8                       0.69
16                      0.68
32                      0.63
64                      0.65
128                     0.68
256                     0.86
512                     1.01
1024                    1.15
2048                    1.37
4096                    1.53
8192                    2.23
16384                   3.56
32768                   6.36
65536                  10.63
131072                 19.74
262144                 38.43
524288                 77.51
1048576               158.58

# OSU MPI_Bcast (data-varying) v7.0
# Size       Avg Latency(us)
root = 0
1                       0.64
2                       0.64
4                       0.68
8                       0.70
16                      0.70
32                      0.67
64                      0.65
128                     0.92
256                     0.83
512                     1.09
1024                    1.16
2048                    1.25
4096                    1.43
8192                    2.14
16384                   3.59
32768                   6.17
65536                  10.63
131072                 20.58
262144                 38.71
524288                 77.23
1048576               157.96

# OSU MPI_Bcast (data-varying) v7.0
# Size       Avg Latency(us)
root = 0
1                       0.65
2                       0.64
4                       0.65
8                       0.62
16                      0.62
32                      0.65
64                      0.65
128                     0.72
256                     0.70
512                     1.14
1024                    1.15
2048                    1.32
4096                    1.54
8192                    2.31
16384                   3.59
32768                   6.29
65536                  10.99
131072                 20.66
262144                 38.76
524288                 77.59
1048576               158.78

# OSU MPI_Bcast (data-varying) v7.0
# Size       Avg Latency(us)
root = 0
1                       0.59
2                       0.61
4                       0.60
8                       0.60
16                      0.63
32                      0.62
64                      0.65
128                     0.71
256                     0.73
512                     1.08
1024                    1.15
2048                    1.38
4096                    1.44
8192                    2.35
16384                   3.68
32768                   6.22
65536                  10.67
131072                 20.09
262144                 38.25
524288                 76.70
1048576               159.22

# OSU MPI_Bcast (data-varying) v7.0
# Size       Avg Latency(us)
root = 0
1                       0.64
2                       0.62
4                       0.61
8                       0.61
16                      0.64
32                      0.63
64                      0.61
128                     0.69
256                     0.76
512                     1.15
1024                    1.17
2048                    1.35
4096                    1.48
8192                    2.23
16384                   3.65
32768                   6.17
65536                  10.79
131072                 20.27
262144                 39.19
524288                 77.81
1048576               158.45

# OSU MPI_Bcast (data-varying) v7.0
# Size       Avg Latency(us)
root = 0
1                       0.64
2                       0.64
4                       0.65
8                       0.64
16                      0.64
32                      0.63
64                      0.62
128                     0.64
256                     0.69
512                     0.97
1024                    1.20
2048                    1.37
4096                    1.53
8192                    2.28
16384                   3.88
32768                   7.03
65536                  12.04
131072                 22.70
262144                 44.10
524288                 86.60
1048576               170.35

# OSU MPI_Bcast (data-varying) v7.0
# Size       Avg Latency(us)
root = 0
1                       0.70
2                       0.75
4                       0.76
8                       0.72
16                      0.73
32                      0.67
64                      0.67
128                     0.71
256                     0.75
512                     1.18
1024                    1.16
2048                    1.33
4096                    1.53
8192                    2.17
16384                   3.65
32768                   6.17
65536                  11.07
131072                 20.30
262144                 39.80
524288                 78.33
1048576               157.84

# OSU MPI_Bcast (data-varying) v7.0
# Size       Avg Latency(us)
root = 0
1                       0.64
2                       0.66
4                       0.65
8                       0.69
16                      0.67
32                      0.67
64                      0.65
128                     0.68
256                     0.86
512                     1.02
1024                    1.17
2048                    1.32
4096                    1.50
8192                    2.21
16384                   3.58
32768                   6.25
65536                  10.99
131072                 20.22
262144                 39.66
524288                 78.68
1048576               158.90

# OSU MPI_Bcast (data-varying) v7.0
# Size       Avg Latency(us)
root = 0
1                       0.69
2                       0.71
4                       0.72
8                       0.79
16                      0.78
32                      0.66
64                      0.65
128                     0.70
256                     0.86
512                     1.20
1024                    1.10
2048                    1.23
4096                    1.40
8192                    2.19
16384                   3.61
32768                   5.90
65536                  10.42
131072                 19.03
262144                 38.61
524288                 77.72
1048576               158.78

# OSU MPI_Bcast (data-varying) v7.0
# Size       Avg Latency(us)
root = 0
1                       0.64
2                       0.66
4                       0.69
8                       0.69
16                      0.65
32                      0.65
64                      0.63
128                     0.66
256                     0.74
512                     1.18
1024                    1.15
2048                    1.33
4096                    1.49
8192                    2.20
16384                   3.61
32768                   6.36
65536                  10.98
131072                 20.40
262144                 39.26
524288                 77.35
1048576               155.46

# OSU MPI_Bcast (data-varying) v7.0
# Size       Avg Latency(us)
root = 0
1                       0.99
2                       0.95
4                       0.98
8                       0.98
16                      0.96
32                      1.01
64                      0.95
128                     0.79
256                     0.76
512                     1.19
1024                    1.12
2048                    1.28
4096                    1.46
8192                    2.20
16384                   3.57
32768                   6.13
65536                  10.74
131072                 20.14
262144                 39.04
524288                 77.88
1048576               159.46

# OSU MPI_Bcast (data-varying) v7.0
# Size       Avg Latency(us)
root = 0
1                       0.69
2                       0.78
4                       0.74
8                       0.69
16                      0.69
32                      0.67
64                      0.66
128                     0.69
256                     0.71
512                     1.01
1024                    1.16
2048                    1.27
4096                    1.51
8192                    2.23
16384                   3.57
32768                   6.25
65536                  10.92
131072                 20.23
262144                 38.56
524288                 77.40
1048576               158.52

# OSU MPI_Bcast (data-varying) v7.0
# Size       Avg Latency(us)
root = 0
1                       0.62
2                       0.67
4                       0.63
8                       0.66
16                      0.69
32                      0.63
64                      0.63
128                     0.73
256                     0.70
512                     1.07
1024                    1.14
2048                    1.30
4096                    1.52
8192                    2.22
16384                   3.52
32768                   6.18
65536                  10.95
131072                 20.33
262144                 38.39
524288                 76.80
1048576               158.95

# OSU MPI_Bcast (data-varying) v7.0
# Size       Avg Latency(us)
root = 0
1                       0.69
2                       0.88
4                       0.72
8                       0.75
16                      0.74
32                      0.68
64                      0.66
128                     0.68
256                     0.73
512                     1.17
1024                    1.19
2048                    1.34
4096                    1.47
8192                    2.28
16384                   3.84
32768                   6.50
65536                  12.13
131072                 22.88
262144                 44.31
524288                 86.43
1048576               170.87

# OSU MPI_Bcast (data-varying) v7.0
# Size       Avg Latency(us)
root = 0
1                       0.91
2                       0.94
4                       0.93
8                       0.91
16                      0.99
32                      0.97
64                      0.96
128                     0.68
256                     0.71
512                     1.07
1024                    1.22
2048                    1.33
4096                    1.43
8192                    2.15
16384                   3.68
32768                   6.29
65536                  10.99
131072                 20.51
262144                 38.12
524288                 76.82
1048576               158.70

# OSU MPI_Bcast (data-varying) v7.0
# Size       Avg Latency(us)
root = 0
1                       0.67
2                       0.66
4                       0.66
8                       0.65
16                      0.66
32                      0.68
64                      0.69
128                     0.76
256                     0.74
512                     1.14
1024                    1.12
2048                    1.33
4096                    1.51
8192                    2.33
16384                   3.88
32768                   6.79
65536                  12.10
131072                 22.81
262144                 44.51
524288                 87.44
1048576               169.06

# OSU MPI_Bcast (data-varying) v7.0
# Size       Avg Latency(us)
root = 0
1                       0.64
2                       0.77
4                       0.68
8                       0.73
16                      0.74
32                      0.63
64                      0.66
128                     0.73
256                     0.70
512                     0.98
1024                    1.16
2048                    1.28
4096                    1.43
8192                    2.24
16384                   3.58
32768                   6.28
65536                  10.68
131072                 20.04
262144                 38.49
524288                 86.57
1048576               170.25

# OSU MPI_Bcast (data-varying) v7.0
# Size       Avg Latency(us)
root = 0
1                       0.70
2                       0.70
4                       0.72
8                       0.69
16                      0.69
32                      0.67
64                      0.66
128                     0.67
256                     0.82
512                     1.16
1024                    1.19
2048                    1.38
4096                    1.53
8192                    2.28
16384                   3.62
32768                   6.29
65536                  10.76
131072                 19.77
262144                 38.74
524288                 77.54
1048576               158.82

# OSU MPI_Bcast (data-varying) v7.0
# Size       Avg Latency(us)
root = 0
1                       0.67
2                       0.73
4                       0.66
8                       0.69
16                      0.70
32                      0.64
64                      0.65
128                     0.81
256                     0.70
512                     1.17
1024                    1.12
2048                    1.34
4096                    1.47
8192                    2.23
16384                   3.92
32768                   6.18
65536                  11.03
131072                 20.04
262144                 38.06
524288                 77.32
1048576               157.78

# OSU MPI_Bcast (data-varying) v7.0
# Size       Avg Latency(us)
root = 0
1                       0.70
2                       0.79
4                       0.73
8                       0.77
16                      0.70
32                      0.67
64                      0.67
128                     0.70
256                     0.72
512                     1.12
1024                    1.19
2048                    1.38
4096                    1.56
8192                    2.36
16384                   3.82
32768                   6.90
65536                  12.10
131072                 22.61
262144                 44.02
524288                 86.80
1048576               170.82

# OSU MPI_Bcast (data-varying) v7.0
# Size       Avg Latency(us)
root = 0
1                       0.78
2                       0.89
4                       0.84
8                       0.85
16                      0.75
32                      0.66
64                      0.67
128                     0.79
256                     0.85
512                     1.17
1024                    1.22
2048                    1.36
4096                    1.48
8192                    2.20
16384                   3.76
32768                   6.24
65536                  10.69
131072                 19.89
262144                 38.47
524288                 77.38
1048576               157.15

# OSU MPI_Bcast (data-varying) v7.0
# Size       Avg Latency(us)
root = 0
1                       0.69
2                       0.67
4                       0.65
8                       0.74
16                      0.71
32                      0.65
64                      0.65
128                     0.77
256                     0.85
512                     1.20
1024                    1.19
2048                    1.35
4096                    1.47
8192                    2.26
16384                   3.87
32768                   6.02
65536                  10.55
131072                 20.05
262144                 37.73
524288                 75.76
1048576               156.97

# OSU MPI_Bcast (data-varying) v7.0
# Size       Avg Latency(us)
root = 0
1                       0.69
2                       0.73
4                       0.74
8                       0.73
16                      0.71
32                      0.60
64                      0.61
128                     0.63
256                     0.69
512                     0.99
1024                    1.11
2048                    1.27
4096                    1.43
8192                    2.24
16384                   3.60
32768                   6.15
65536                  10.94
131072                 22.16
262144                 42.50
524288                 86.08
1048576               171.15

# OSU MPI_Bcast (data-varying) v7.0
# Size       Avg Latency(us)
root = 0
1                       0.63
2                       0.70
4                       0.71
8                       0.69
16                      0.67
32                      0.67
64                      0.65
128                     0.67
256                     0.72
512                     1.03
1024                    1.13
2048                    1.30
4096                    1.46
8192                    2.23
16384                   3.55
32768                   6.54
65536                  10.68
131072                 20.46
262144                 38.84
524288                 77.49
1048576               158.04

# OSU MPI_Bcast (data-varying) v7.0
# Size       Avg Latency(us)
root = 0
1                       0.99
2                       1.01
4                       1.00
8                       1.05
16                      1.02
32                      1.11
64                      1.05
128                     0.85
256                     0.88
512                     1.18
1024                    1.22
2048                    1.42
4096                    1.60
8192                    2.31
16384                   3.80
32768                   6.82
65536                  12.25
131072                 22.88
262144                 44.18
524288                 86.55
1048576               166.87

# OSU MPI_Bcast (data-varying) v7.0
# Size       Avg Latency(us)
root = 0
1                       0.58
2                       0.64
4                       0.62
8                       0.62
16                      0.61
32                      0.60
64                      0.64
128                     0.62
256                     0.65
512                     1.16
1024                    1.11
2048                    1.32
4096                    1.46
8192                    2.28
16384                   3.73
32768                   6.21
65536                  10.93
131072                 20.40
262144                 39.29
524288                 77.52
1048576               157.94

# OSU MPI_Bcast (data-varying) v7.0
# Size       Avg Latency(us)
root = 0
1                       0.63
2                       0.67
4                       0.61
8                       0.60
16                      0.73
32                      0.61
64                      0.63
128                     0.64
256                     0.71
512                     1.11
1024                    1.17
2048                    1.33
4096                    1.54
8192                    2.29
16384                   3.65
32768                   6.28
65536                  10.79
131072                 20.25
262144                 38.70
524288                 77.71
1048576               158.13

# OSU MPI_Bcast (data-varying) v7.0
# Size       Avg Latency(us)
root = 0
1                       0.71
2                       0.85
4                       0.80
8                       0.85
16                      0.86
32                      0.78
64                      0.75
128                     0.85
256                     0.88
512                     1.15
1024                    1.26
2048                    1.47
4096                    1.64
8192                    2.43
16384                   3.92
32768                   6.26
65536                  11.11
131072                 20.52
262144                 39.83
524288                 77.77
1048576               158.28
