
# OSU MPI_Bcast (data-varying) v7.0
# Size       Avg Latency(us)
root = 0
1                       0.42
2                       0.46
4                       0.41
8                       0.41
16                      0.41
32                      0.45
64                      0.50
128                     0.58
256                     0.71
512                     1.05
1024                    1.04
2048                    1.19
4096                    1.39
8192                    2.11
16384                   3.65
32768                   6.30
65536                  11.05
131072                 20.69
262144                 39.88
524288                 78.64
1048576               157.32

# OSU MPI_Bcast (data-varying) v7.0
# Size       Avg Latency(us)
root = 0
1                       0.36
2                       0.46
4                       0.35
8                       0.41
16                      0.40
32                      0.43
64                      0.38
128                     0.60
256                     0.92
512                     1.05
1024                    0.94
2048                    1.22
4096                    1.46
8192                    2.21
16384                   3.72
32768                   6.37
65536                  11.05
131072                 20.56
262144                 42.86
524288                 86.47
1048576               169.34

# OSU MPI_Bcast (data-varying) v7.0
# Size       Avg Latency(us)
root = 0
1                       0.40
2                       0.48
4                       0.39
8                       0.40
16                      0.41
32                      0.42
64                      0.42
128                     0.58
256                     0.80
512                     1.09
1024                    0.95
2048                    1.14
4096                    1.41
8192                    2.16
16384                   3.63
32768                   6.36
65536                  11.09
131072                 20.50
262144                 39.65
524288                 79.39
1048576               159.95

# OSU MPI_Bcast (data-varying) v7.0
# Size       Avg Latency(us)
root = 0
1                       0.44
2                       0.48
4                       0.37
8                       0.39
16                      0.57
32                      0.41
64                      0.40
128                     0.52
256                     0.67
512                     0.99
1024                    0.97
2048                    1.14
4096                    1.48
8192                    2.20
16384                   3.88
32768                   6.94
65536                  12.11
131072                 22.74
262144                 43.64
524288                 86.87
1048576               171.09

# OSU MPI_Bcast (data-varying) v7.0
# Size       Avg Latency(us)
root = 0
1                       0.38
2                       0.46
4                       0.38
8                       0.37
16                      0.37
32                      0.43
64                      0.54
128                     0.51
256                     0.86
512                     1.00
1024                    0.92
2048                    1.10
4096                    1.38
8192                    2.11
16384                   3.60
32768                   6.29
65536                  10.62
131072                 20.63
262144                 39.95
524288                 79.08
1048576               159.53

# OSU MPI_Bcast (data-varying) v7.0
# Size       Avg Latency(us)
root = 0
1                       0.35
2                       0.45
4                       0.35
8                       0.36
16                      0.36
32                      0.41
64                      0.41
128                     0.56
256                     0.88
512                     0.98
1024                    0.94
2048                    1.14
4096                    1.53
8192                    2.32
16384                   3.83
32768                   7.04
65536                  12.30
131072                 22.47
262144                 43.03
524288                 86.51
1048576               169.84

# OSU MPI_Bcast (data-varying) v7.0
# Size       Avg Latency(us)
root = 0
1                       0.36
2                       0.42
4                       0.47
8                       0.35
16                      0.37
32                      0.39
64                      0.44
128                     0.52
256                     0.85
512                     0.99
1024                    0.98
2048                    1.18
4096                    1.40
8192                    2.24
16384                   3.92
32768                   6.99
65536                  12.48
131072                 22.79
262144                 43.84
524288                 86.43
1048576               169.32

# OSU MPI_Bcast (data-varying) v7.0
# Size       Avg Latency(us)
root = 0
1                       0.36
2                       0.41
4                       0.38
8                       0.37
16                      0.39
32                      0.41
64                      0.40
128                     0.52
256                     0.83
512                     0.95
1024                    1.00
2048                    1.17
4096                    1.43
8192                    2.15
16384                   3.72
32768                   6.32
65536                  11.11
131072                 20.60
262144                 39.73
524288                 78.97
1048576               159.69

# OSU MPI_Bcast (data-varying) v7.0
# Size       Avg Latency(us)
root = 0
1                       0.40
2                       0.51
4                       0.43
8                       0.42
16                      0.41
32                      0.42
64                      0.44
128                     0.57
256                     0.79
512                     0.97
1024                    0.96
2048                    1.14
4096                    1.40
8192                    2.15
16384                   3.69
32768                   6.30
65536                  11.06
131072                 20.63
262144                 39.78
524288                 78.97
1048576               159.32

# OSU MPI_Bcast (data-varying) v7.0
# Size       Avg Latency(us)
root = 0
1                       0.36
2                       0.48
4                       0.34
8                       0.36
16                      0.45
32                      0.39
64                      0.39
128                     0.57
256                     0.77
512                     1.03
1024                    0.95
2048                    1.07
4096                    1.39
8192                    2.17
16384                   3.74
32768                   6.32
65536                  10.89
131072                 20.30
262144                 39.11
524288                 78.60
1048576               159.67

# OSU MPI_Bcast (data-varying) v7.0
# Size       Avg Latency(us)
root = 0
1                       0.33
2                       0.48
4                       0.34
8                       0.34
16                      0.34
32                      0.50
64                      0.38
128                     0.57
256                     0.85
512                     0.99
1024                    0.99
2048                    1.22
4096                    1.53
8192                    2.19
16384                   3.73
32768                   6.44
65536                  11.25
131072                 20.67
262144                 40.11
524288                 79.29
1048576               159.94

# OSU MPI_Bcast (data-varying) v7.0
# Size       Avg Latency(us)
root = 0
1                       0.38
2                       0.51
4                       0.38
8                       0.39
16                      0.38
32                      0.43
64                      0.42
128                     0.59
256                     0.94
512                     1.02
1024                    0.99
2048                    1.12
4096                    1.47
8192                    2.11
16384                   3.70
32768                   6.40
65536                  11.06
131072                 20.55
262144                 39.74
524288                 78.86
1048576               159.64

# OSU MPI_Bcast (data-varying) v7.0
# Size       Avg Latency(us)
root = 0
1                       0.39
2                       0.49
4                       0.38
8                       0.39
16                      0.41
32                      0.41
64                      0.46
128                     0.55
256                     0.87
512                     1.01
1024                    0.99
2048                    1.19
4096                    1.46
8192                    2.18
16384                   3.69
32768                   6.45
65536                  11.12
131072                 20.53
262144                 39.91
524288                 78.69
1048576               159.20

# OSU MPI_Bcast (data-varying) v7.0
# Size       Avg Latency(us)
root = 0
1                       0.38
2                       0.49
4                       0.42
8                       0.38
16                      0.40
32                      0.55
64                      0.41
128                     0.50
256                     0.72
512                     1.05
1024                    1.03
2048                    1.27
4096                    1.49
8192                    2.14
16384                   3.67
32768                   6.41
65536                  11.11
131072                 20.61
262144                 40.09
524288                 79.03
1048576               156.74

# OSU MPI_Bcast (data-varying) v7.0
# Size       Avg Latency(us)
root = 0
1                       0.40
2                       0.47
4                       0.40
8                       0.40
16                      0.41
32                      0.41
64                      0.41
128                     0.58
256                     0.70
512                     1.01
1024                    0.92
2048                    1.14
4096                    1.52
8192                    2.13
16384                   3.71
32768                   6.34
65536                  10.94
131072                 20.73
262144                 40.06
524288                 79.22
1048576               158.66

# OSU MPI_Bcast (data-varying) v7.0
# Size       Avg Latency(us)
root = 0
1                       0.36
2                       0.45
4                       0.35
8                       0.35
16                      0.39
32                      0.51
64                      0.49
128                     0.52
256                     0.78
512                     0.94
1024                    0.95
2048                    1.15
4096                    1.47
8192                    2.26
16384                   3.74
32768                   6.33
65536                  11.13
131072                 20.80
262144                 40.03
524288                 79.67
1048576               159.52

# OSU MPI_Bcast (data-varying) v7.0
# Size       Avg Latency(us)
root = 0
1                       0.36
2                       0.47
4                       0.38
8                       0.35
16                      0.37
32                      0.41
64                      0.45
128                     0.53
256                     0.74
512                     0.93
1024                    0.94
2048                    1.17
4096                    1.41
8192                    2.14
16384                   3.77
32768                   6.41
65536                  11.01
131072                 20.82
262144                 39.71
524288                 78.78
1048576               160.64

# OSU MPI_Bcast (data-varying) v7.0
# Size       Avg Latency(us)
root = 0
1                       0.38
2                       0.48
4                       0.37
8                       0.35
16                      0.36
32                      0.40
64                      0.40
128                     0.54
256                     0.70
512                     1.06
1024                    0.90
2048                    1.19
4096                    1.41
8192                    2.22
16384                   3.67
32768                   6.41
65536                  11.05
131072                 20.53
262144                 39.76
524288                 79.41
1048576               158.45

# OSU MPI_Bcast (data-varying) v7.0
# Size       Avg Latency(us)
root = 0
1                       0.37
2                       0.51
4                       0.46
8                       0.40
16                      0.37
32                      0.42
64                      0.42
128                     0.54
256                     0.67
512                     1.04
1024                    0.93
2048                    1.12
4096                    1.42
8192                    2.18
16384                   3.60
32768                   6.42
65536                  11.02
131072                 20.30
262144                 39.63
524288                 79.05
1048576               159.96

# OSU MPI_Bcast (data-varying) v7.0
# Size       Avg Latency(us)
root = 0
1                       0.33
2                       0.43
4                       0.33
8                       0.46
16                      0.39
32                      0.37
64                      0.47
128                     0.53
256                     0.71
512                     0.97
1024                    0.96
2048                    1.17
4096                    1.47
8192                    2.15
16384                   3.73
32768                   6.33
65536                  10.96
131072                 20.60
262144                 39.06
524288                 78.31
1048576               158.26

# OSU MPI_Bcast (data-varying) v7.0
# Size       Avg Latency(us)
root = 0
1                       0.35
2                       0.47
4                       0.35
8                       0.35
16                      0.34
32                      0.38
64                      0.37
128                     0.58
256                     0.72
512                     0.99
1024                    0.89
2048                    1.14
4096                    1.47
8192                    2.17
16384                   3.70
32768                   6.54
65536                  11.22
131072                 20.13
262144                 39.26
524288                 78.68
1048576               159.81

# OSU MPI_Bcast (data-varying) v7.0
# Size       Avg Latency(us)
root = 0
1                       0.36
2                       0.55
4                       0.39
8                       0.34
16                      0.37
32                      0.41
64                      0.42
128                     0.57
256                     0.84
512                     1.02
1024                    1.09
2048                    1.24
4096                    1.51
8192                    2.26
16384                   3.83
32768                   6.86
65536                  12.29
131072                 22.88
262144                 43.90
524288                 86.41
1048576               170.01

# OSU MPI_Bcast (data-varying) v7.0
# Size       Avg Latency(us)
root = 0
1                       0.45
2                       0.46
4                       0.36
8                       0.37
16                      0.37
32                      0.39
64                      0.39
128                     0.58
256                     0.73
512                     1.02
1024                    0.99
2048                    1.10
4096                    1.38
8192                    2.13
16384                   3.64
32768                   6.87
65536                  12.16
131072                 22.72
262144                 44.01
524288                 86.26
1048576               164.67

# OSU MPI_Bcast (data-varying) v7.0
# Size       Avg Latency(us)
root = 0
1                       0.35
2                       0.46
4                       0.37
8                       0.34
16                      0.42
32                      0.37
64                      0.51
128                     0.57
256                     0.67
512                     1.03
1024                    0.90
2048                    1.05
4096                    1.36
8192                    2.09
16384                   3.74
32768                   6.26
65536                  10.71
131072                 20.19
262144                 39.98
524288                 78.77
1048576               156.49

# OSU MPI_Bcast (data-varying) v7.0
# Size       Avg Latency(us)
root = 0
1                       0.36
2                       0.52
4                       0.34
8                       0.37
16                      0.34
32                      0.38
64                      0.37
128                     0.54
256                     0.82
512                     0.87
1024                    0.92
2048                    1.20
4096                    1.54
8192                    2.26
16384                   3.92
32768                   6.89
65536                  12.09
131072                 22.89
262144                 44.19
524288                 86.88
1048576               167.14

# OSU MPI_Bcast (data-varying) v7.0
# Size       Avg Latency(us)
root = 0
1                       0.38
2                       0.47
4                       0.39
8                       0.37
16                      0.38
32                      0.39
64                      0.47
128                     0.53
256                     0.66
512                     0.99
1024                    1.00
2048                    1.17
4096                    1.47
8192                    2.25
16384                   3.91
32768                   7.02
65536                  12.21
131072                 22.78
262144                 44.23
524288                 86.28
1048576               168.67

# OSU MPI_Bcast (data-varying) v7.0
# Size       Avg Latency(us)
root = 0
1                       0.39
2                       0.51
4                       0.41
8                       0.39
16                      0.39
32                      0.42
64                      0.42
128                     0.61
256                     0.65
512                     0.96
1024                    0.98
2048                    1.20
4096                    1.41
8192                    2.08
16384                   3.73
32768                   6.43
65536                  10.46
131072                 20.24
262144                 38.97
524288                 78.26
1048576               160.32

# OSU MPI_Bcast (data-varying) v7.0
# Size       Avg Latency(us)
root = 0
1                       0.37
2                       0.42
4                       0.40
8                       0.40
16                      0.36
32                      0.40
64                      0.40
128                     0.58
256                     0.77
512                     0.98
1024                    0.98
2048                    1.11
4096                    1.46
8192                    2.22
16384                   3.74
32768                   6.50
65536                  11.14
131072                 20.79
262144                 40.10
524288                 78.86
1048576               159.17

# OSU MPI_Bcast (data-varying) v7.0
# Size       Avg Latency(us)
root = 0
1                       0.38
2                       0.50
4                       0.37
8                       0.37
16                      0.37
32                      0.41
64                      0.42
128                     0.57
256                     0.75
512                     0.94
1024                    0.97
2048                    1.16
4096                    1.43
8192                    2.10
16384                   3.77
32768                   6.44
65536                  11.05
131072                 20.82
262144                 39.67
524288                 79.26
1048576               159.79

# OSU MPI_Bcast (data-varying) v7.0
# Size       Avg Latency(us)
root = 0
1                       0.39
2                       0.45
4                       0.39
8                       0.39
16                      0.41
32                      0.46
64                      0.41
128                     0.60
256                     0.87
512                     0.98
1024                    0.97
2048                    1.14
4096                    1.61
8192                    2.17
16384                   3.75
32768                   6.28
65536                  11.12
131072                 21.73
262144                 44.35
524288                 86.37
1048576               166.46
